   -20    -5     0  -0.5  -20.1816217  4.19212E-05 -4.702965773  0.000251708
   -20  -4.5     0  -0.5  -20.1784387  3.50542E-05 -4.242277226  0.000220635
   -20    -4     0  -0.5 -20.17259259  3.20162E-05 -3.778696425  0.000191105
   -20  -3.5     0  -0.5 -20.16632561   3.0741E-05  -3.31232182  0.000163158
   -20    -3     0  -0.5  -20.1604162  3.03523E-05 -2.843356853  0.000136734
   -20  -2.5     0  -0.5  -20.1551563  3.04295E-05 -2.372082226  0.000111702
   -20    -2     0  -0.5 -20.15068442  3.07339E-05 -1.898830862   8.7882E-05
   -20  -1.5     0  -0.5 -20.14708968  3.11106E-05 -1.423967499  6.50584E-05
   -20    -1     0  -0.5 -20.14443909   3.1452E-05 -0.947873915  4.29954E-05
   -20  -0.5     0  -0.5 -20.14278225  3.16855E-05 -0.470939484  2.14443E-05
   -20     0     0  -0.5 -20.14215053  3.17678E-05  0.006443947  1.50053E-07
   -20   0.5     0  -0.5 -20.14255616  3.16825E-05  0.483884233 -2.11451E-05
   -20     1     0  -0.5 -20.14399213   3.1439E-05  0.960989601 -4.26989E-05
   -20   1.5     0  -0.5 -20.14643363  3.10715E-05  1.437369284 -6.47663E-05
   -20     2     0  -0.5 -20.14984155  3.06375E-05  1.912635589 -8.75954E-05
   -20   2.5     0  -0.5 -20.15416951  3.02163E-05  2.386408889 -0.000111422
   -20     3     0  -0.5 -20.15937595  2.99068E-05  2.858326979 -0.000136459
   -20   3.5     0  -0.5 -20.16544066  2.98268E-05  3.328059992 -0.000162888
   -20     4     0  -0.5 -20.17237632  3.01257E-05  3.795331366 -0.000190836
   -20   4.5     0  -0.5 -20.18019788  3.10415E-05  4.259944108 -0.000220364
   -20     5     0  -0.5 -20.18873471  3.30929E-05  4.721810191 -0.000251441
   -19    -5     0  -0.5  -19.1884109  3.82618E-05 -4.697397311  0.000245103
   -19  -4.5     0  -0.5  -19.1848985  3.27863E-05  -4.23521449  0.000215989
   -19    -4     0  -0.5 -19.17911389  3.06817E-05 -3.770692824   0.00018811
   -19  -3.5     0  -0.5 -19.17316457  2.99906E-05 -3.303940509  0.000161463
   -19    -3     0  -0.5 -19.16771512  2.99344E-05 -2.835124765   0.00013599
   -19  -2.5     0  -0.5 -19.16296621  3.01737E-05 -2.364461961  0.000111589
   -19    -2     0  -0.5 -19.15898774   3.0535E-05 -1.892206876  8.81235E-05
   -19  -1.5     0  -0.5 -19.15582033  3.09118E-05 -1.418642329  6.54331E-05
   -19    -1     0  -0.5 -19.15349886  3.12312E-05 -0.944070235  4.33375E-05
   -19  -0.5     0  -0.5  -19.1520532  3.14429E-05 -0.468804537  2.16446E-05
   -19     0     0  -0.5 -19.15150405  3.15162E-05  0.006833996  1.54241E-07
   -19   0.5     0  -0.5 -19.15185981   3.1439E-05  0.482521603  -2.1337E-05
   -19     1     0  -0.5 -19.15311588  3.12166E-05  0.957934598 -4.30325E-05
   -19   1.5     0  -0.5  -19.1552563  3.08706E-05   1.43275242 -6.51323E-05
   -19     2     0  -0.5 -19.15825935  3.04364E-05  1.906661422 -8.78283E-05
   -19   2.5     0  -0.5 -19.16210732  2.99594E-05  2.379360062   -0.0001113
   -19     3     0  -0.5 -19.16680197  2.94911E-05  2.850566029 -0.000135708
   -19   3.5     0  -0.5 -19.17238375  2.90871E-05  3.320025449 -0.000161187
   -19     4     0  -0.5 -19.17894356  2.88207E-05  3.787523896 -0.000187837
   -19   4.5     0  -0.5 -19.18658739  2.88445E-05  4.252898238 -0.000215719
   -19     5     0  -0.5 -19.19523541  2.95936E-05  4.716047983 -0.000244841
   -18    -5     0  -0.5 -18.19462795  3.35683E-05 -4.690796314  0.000241637
   -18  -4.5     0  -0.5 -18.19086941   2.9209E-05 -4.227857613   0.00021365
   -18    -4     0  -0.5  -18.1850892  2.79207E-05 -3.762943384   0.00018673
   -18  -3.5     0  -0.5 -18.17931737  2.78052E-05 -3.296172737  0.000160841
   -18    -3     0  -0.5 -18.17415128  2.81368E-05  -2.82769778  0.000135916
   -18  -2.5     0  -0.5 -18.16973382  2.86241E-05 -2.357701163  0.000111864
   -18    -2     0  -0.5 -18.16608727  2.91341E-05 -1.886391932  8.85696E-05
   -18  -1.5     0  -0.5 -18.16321516  2.95935E-05 -1.414000561  6.59023E-05
   -18    -1     0  -0.5 -18.16112515  2.99545E-05 -0.940773795  4.37165E-05
   -18  -0.5     0  -0.5 -18.15982859  3.01841E-05 -0.466969899  2.18569E-05
   -18     0     0  -0.5 -18.15933543  3.02621E-05  0.007145593  1.61543E-07
   -18   0.5     0  -0.5 -18.15965007  3.01796E-05  0.481303635 -2.15346E-05
   -18     1     0  -0.5 -18.16077026  2.99387E-05  0.955235142 -4.33967E-05
   -18   1.5     0  -0.5 -18.16268913  2.95508E-05  1.428674461 -6.55864E-05
   -18     2     0  -0.5 -18.16540124  2.90342E-05  1.901363147  -8.8259E-05
   -18   2.5     0  -0.5 -18.16891337  2.84097E-05  2.373054236 -0.000111559
   -18     3     0  -0.5 -18.17326059  2.76968E-05  2.843517166 -0.000135619
   -18   3.5     0  -0.5 -18.17852534  2.69123E-05  3.312543169  -0.00016055
   -18     4     0  -0.5 -18.18484728  2.60863E-05  3.779950834 -0.000186445
   -18   4.5     0  -0.5 -18.19238335  2.53274E-05  4.245591087  -0.00021337
   -18     5     0  -0.5 -18.20109912  2.50313E-05  4.709350852 -0.000241367
   -17    -5     0  -0.5 -17.20049807  2.81848E-05 -4.683375383  0.000240632
   -17  -4.5     0  -0.5 -17.19646912  2.47575E-05 -4.220160731  0.000213235
   -17    -4     0  -0.5  -17.1905995  2.41894E-05 -3.755229874  0.000186802
   -17  -3.5     0  -0.5 -17.18486886  2.46186E-05 -3.288706968  0.000161277
   -17    -3     0  -0.5 -17.17983131  2.53506E-05 -2.820734219  0.000136587
   -17  -2.5     0  -0.5 -17.17559115  2.61229E-05 -2.351472829  0.000112643
   -17    -2     0  -0.5  -17.1721369  2.68284E-05 -1.881101992  8.93426E-05
   -17  -1.5     0  -0.5 -17.16944397   2.7416E-05 -1.409816686  6.65729E-05
   -17    -1     0  -0.5 -17.16749801  2.78555E-05  -0.93782479  4.42095E-05
   -17  -0.5     0  -0.5 -17.16629466   2.8127E-05  -0.46534391   2.2121E-05
   -17     0     0  -0.5 -17.16583418  2.82178E-05  0.007401871  1.70917E-07
   -17   0.5     0  -0.5 -17.16611729  2.81219E-05  0.480185213   -2.178E-05
   -17     1     0  -0.5   -17.167144  2.78386E-05  0.952778706 -4.38707E-05
   -17   1.5     0  -0.5 -17.16891548   2.7372E-05  1.424958076 -6.62377E-05
   -17     2     0  -0.5 -17.17144035  2.67275E-05  1.896505426 -8.90123E-05
   -17   2.5     0  -0.5 -17.17474523  2.59088E-05  2.367212562 -0.000112318
   -17     3     0  -0.5 -17.17889054  2.49139E-05  2.836884293 -0.000136269
   -17   3.5     0  -0.5 -17.18398844  2.37355E-05  3.305341575 -0.000160966
   -17     4     0  -0.5 -17.19021063  2.23781E-05  3.772424129 -0.000186498
   -17   4.5     0  -0.5 -17.19774528  2.09263E-05  4.237992084 -0.000212939
   -17     5     0  -0.5  -17.2065837  1.97558E-05  4.701925957 -0.000240348
   -16    -5     0  -0.5 -16.20613061  2.23441E-05 -4.675098055   0.00024167
   -16  -4.5     0  -0.5 -16.20173124  1.97458E-05 -4.211961866  0.000214483
   -16    -4     0  -0.5 -16.19564457  1.98405E-05  -3.74730607  0.000188191
   -16  -3.5     0  -0.5 -16.18981292   2.0792E-05 -3.281253008  0.000162728
   -16    -3     0  -0.5 -16.18475942  2.19269E-05 -2.813934594  0.000138018
   -16  -2.5     0  -0.5 -16.18055996  2.30014E-05 -2.345495123  0.000113974
   -16    -2     0  -0.5  -16.1771773  2.39265E-05 -1.876091899  9.05033E-05
   -16  -1.5     0  -0.5 -16.17456429  2.46669E-05 -1.405894478  6.75018E-05
   -16    -1     0  -0.5 -16.17268824  2.52054E-05 -0.935083006  4.48593E-05
   -16  -0.5     0  -0.5 -16.17153108  2.55322E-05 -0.463845978  2.24594E-05
   -16     0     0  -0.5 -16.17108449  2.56406E-05  0.007622353  1.81398E-07
   -16   0.5     0  -0.5 -16.17134595  2.55265E-05  0.479124771 -2.20972E-05
   -16     1     0  -0.5 -16.17231741  2.51874E-05  0.950463991 -4.44992E-05
   -16   1.5     0  -0.5 -16.17400736  2.46214E-05  1.421445556 -6.71449E-05
   -16     2     0  -0.5 -16.17643663  2.38244E-05  1.891880673 -9.01509E-05
   -16   2.5     0  -0.5 -16.17964859  2.27872E-05  2.361588863 -0.000113627
   -16     3     0  -0.5 -16.18372407  2.14925E-05  2.830400318 -0.000137677
   -16   3.5     0  -0.5 -16.18879795  1.99169E-05  3.298157756 -0.000162395
   -16     4     0  -0.5  -16.1950653  1.80484E-05  3.764717463 -0.000187866
   -16   4.5     0  -0.5  -16.2027358  1.59569E-05  4.229949163 -0.000214166
   -16     5     0  -0.5 -16.21181839   1.4005E-05  4.693733927 -0.000241366
   -15    -5     0  -0.5 -15.21151804  1.62432E-05 -4.665756259  0.000244533
   -15  -4.5     0  -0.5 -15.20659185  1.44397E-05 -4.203007177  0.000217254
   -15    -4     0  -0.5 -15.20013308  1.51794E-05 -3.738893216  0.000190821
   -15  -3.5     0  -0.5 -15.19405226  1.66486E-05 -3.273527455  0.000165166
   -15    -3     0  -0.5 -15.18884642  1.81909E-05 -2.807028487  0.000140212
   -15  -2.5     0  -0.5 -15.18456722  1.95777E-05  -2.33952459   0.00011588
   -15    -2     0  -0.5 -15.18115457  2.07346E-05 -1.871155303  9.20801E-05
   -15  -1.5     0  -0.5 -15.17854082  2.16395E-05 -1.402071392  6.87166E-05
   -15    -1     0  -0.5 -15.17667594  2.22867E-05 -0.932433711  4.56869E-05
   -15  -0.5     0  -0.5 -15.17552873  2.26748E-05 -0.462411318  2.28827E-05
   -15     0     0  -0.5 -15.17508254  2.28027E-05  0.007820954  1.92095E-07
   -15   0.5     0  -0.5 -15.17533159  2.26681E-05  0.478085266 -2.24991E-05
   -15     1     0  -0.5 -15.17627994  2.22669E-05  0.948203693 -4.53049E-05
   -15   1.5     0  -0.5 -15.17794326  2.15918E-05  1.418001174 -6.83374E-05
   -15     2     0  -0.5  -15.1803542  2.06302E-05  1.887308292 -9.17048E-05
   -15   2.5     0  -0.5 -15.18357206  1.93619E-05  2.355963753  -0.00011551
   -15     3     0  -0.5 -15.18769643  1.77571E-05  2.823816376 -0.000139848
   -15   3.5     0  -0.5 -15.19288254  1.57788E-05  3.290726331 -0.000164808
   -15     4     0  -0.5 -15.19934553  1.34023E-05  3.756565391 -0.000190472
   -15   4.5     0  -0.5 -15.20731322  1.06855E-05  4.221215703 -0.000216914
   -15     5     0  -0.5 -15.21680972   7.9805E-06  4.684566319 -0.000244206
   -14    -5     0  -0.5 -14.21652606  1.00921E-05 -4.655009957   0.00024916
   -14  -4.5     0  -0.5 -14.21087032  9.10712E-06 -4.192970166  0.000221512
   -14    -4     0  -0.5 -14.20386407  1.05087E-05 -3.729687465  0.000194674
   -14  -3.5     0  -0.5 -14.19738552  1.25073E-05 -3.265256459  0.000168583
   -14    -3     0  -0.5 -14.19190465  1.44642E-05 -2.799777224  0.000143171
   -14  -2.5     0  -0.5 -14.18744723  1.61671E-05 -2.333360771  0.000118364
   -14    -2     0  -0.5 -14.18392837  1.75569E-05 -1.866131193  9.40787E-05
   -14  -1.5     0  -0.5 -14.18125759  1.86258E-05 -1.398225812  7.02225E-05
   -14    -1     0  -0.5 -14.17936551  1.93804E-05 -0.929793979  4.66959E-05
   -14  -0.5     0  -0.5 -14.17820609  1.98287E-05 -0.460994872  2.33927E-05
   -14     0     0  -0.5 -14.17775317  1.99755E-05  0.008005375  2.02141E-07
   -14   0.5     0  -0.5 -14.17799739  1.98206E-05  0.477036987 -2.29888E-05
   -14     1     0  -0.5 -14.17894525  1.93578E-05   0.94593008 -4.62933E-05
   -14   1.5     0  -0.5 -14.18062069  1.85742E-05  1.414518196 -6.98221E-05
   -14     2     0  -0.5 -14.18307002   1.7448E-05  1.882641635 -9.36813E-05
   -14   2.5     0  -0.5 -14.18637049   1.5947E-05  2.350150363 -0.000117971
   -14     3     0  -0.5 -14.19064285  1.40278E-05  2.816906237 -0.000142783
   -14   3.5     0  -0.5 -14.19606482  1.16388E-05  3.282784303 -0.000168201
   -14     4     0  -0.5 -14.20287365  8.74128E-06  3.747672759   -0.0001943
   -14   4.5     0  -0.5 -14.21131709  5.38037E-06  4.211471081 -0.000221148
   -14     5     0  -0.5 -14.22143632  1.89501E-06  4.674085333 -0.000248809
   -13    -5     0  -0.5 -13.22085275  4.16457E-06 -4.642404588   0.00025563
   -13  -4.5     0  -0.5 -13.21422552  4.07047E-06 -4.181468821  0.000227306
   -13    -4     0  -0.5 -13.20648737  6.17578E-06 -3.719378072  0.000199774
   -13  -3.5     0  -0.5 -13.19947667  8.72167E-06 -3.256195523  0.000172985
   -13    -3     0  -0.5 -13.19362802  1.10931E-05 -2.791994963  0.000146885
   -13  -2.5     0  -0.5 -13.18893264  1.30999E-05 -2.326867505  0.000121408
   -13    -2     0  -0.5 -13.18527232  1.47041E-05 -1.860923876  9.64759E-05
   -13  -1.5     0  -0.5  -13.1825263  1.59172E-05 -1.394294039   7.1997E-05
   -13    -1     0  -0.5 -13.18059951   1.6762E-05  -0.92712509  4.78686E-05
   -13  -0.5     0  -0.5 -13.17942636  1.72588E-05 -0.459577914  2.39792E-05
   -13     0     0  -0.5 -13.17896832    1.742E-05  0.008176941  2.10654E-07
   -13   0.5     0  -0.5 -13.17921142  1.72483E-05  0.475963901 -2.35581E-05
   -13     1     0  -0.5 -13.18016548  1.67349E-05  0.943607238 -4.74483E-05
   -13   1.5     0  -0.5 -13.18186549  1.58592E-05  1.410935931  -7.1578E-05
   -13     2     0  -0.5 -13.18437593  1.45874E-05  1.877788306 -9.60589E-05
   -13   2.5     0  -0.5 -13.18779818  1.28714E-05  2.344016163 -0.000120994
   -13     3     0  -0.5 -13.19228148  1.06489E-05  2.809488105 -0.000146474
   -13   3.5     0  -0.5 -13.19803442  7.84835E-06  3.274091654 -0.000172579
   -13     4     0  -0.5 -13.20532494  4.41111E-06  3.737733682 -0.000199375
   -13   4.5     0  -0.5 -13.21442907  3.63079E-07  4.200338346 -0.000226917
   -13     5     0  -0.5 -13.22541266 -3.97617E-06  4.661841287 -0.000255253
   -12    -5     0  -0.5 -12.22393828 -1.12834E-06 -4.627382335  0.000264133
   -12  -4.5     0  -0.5 -12.21607193 -2.23301E-07 -4.168094095  0.000234746
   -12    -4     0  -0.5 -12.20743389  2.63301E-06 -3.707688271   0.00020616
   -12  -3.5     0  -0.5 -12.19980332  5.72705E-06 -3.246177546  0.000178355
   -12    -3     0  -0.5 -12.19355944  8.48165E-06 -2.783598841  0.000151299
   -12  -2.5     0  -0.5 -12.18863954   1.0742E-05 -2.320020805  0.000124938
   -12    -2     0  -0.5  -12.1848746   1.2503E-05 -1.855545065  9.91932E-05
   -12  -1.5     0  -0.5 -12.18209869  1.38049E-05 -1.390303919  7.39695E-05
   -12    -1     0  -0.5 -12.18017945  1.46948E-05 -0.924455908  4.91523E-05
   -12  -0.5     0  -0.5 -12.17902344  1.52106E-05 -0.458180085  2.46137E-05
   -12     0     0  -0.5 -12.17857472  1.53758E-05  0.008330441  2.16771E-07
   -12   0.5     0  -0.5   -12.178813  1.51967E-05  0.474875346 -2.41802E-05
   -12     1     0  -0.5 -12.17975291   1.4661E-05  0.941254097 -4.87189E-05
   -12   1.5     0  -0.5  -12.1814453  1.37371E-05  1.407272942 -7.35365E-05
   -12     2     0  -0.5 -12.18398083  1.23738E-05  1.872751732 -9.87608E-05
   -12   2.5     0  -0.5 -12.18749633  1.04992E-05  2.337530308 -0.000124506
   -12     3     0  -0.5 -12.19218398  8.02261E-06  2.801474163  -0.00015087
   -12   3.5     0  -0.5 -12.19830022  4.84073E-06  3.264478768 -0.000177929
   -12     4     0  -0.5 -12.20616248  8.61769E-07  3.726471823 -0.000205739
   -12   4.5     0  -0.5 -12.21609425 -3.92119E-06  4.187412188 -0.000234334
   -12     5     0  -0.5 -12.22820404 -9.22158E-06  4.647283557 -0.000263731
   -11    -5     0  -0.5  -11.2247938 -5.11694E-06 -4.609312489  0.000274946
   -11  -4.5     0  -0.5 -11.21543522 -3.09851E-06 -4.152478426  0.000243947
   -11    -4     0  -0.5 -11.20580629  5.19314E-07   -3.6944673  0.000213818
   -11  -3.5     0  -0.5 -11.19758463  4.09837E-06  -3.23521444  0.000184588
   -11    -3     0  -0.5 -11.19105325   7.1271E-06 -2.774708873  0.000156252
   -11  -2.5     0  -0.5 -11.18605909  9.51037E-06 -2.312998899  0.000128766
   -11    -2     0  -0.5 -11.18235199  1.12959E-05 -1.850188966  0.000102049
   -11  -1.5     0  -0.5 -11.17969703   1.2569E-05 -1.386432271  7.59849E-05
   -11    -1     0  -0.5 -11.17790714   1.3412E-05 -0.921921484  5.04346E-05
   -11  -0.5     0  -0.5 -11.17684921  1.38885E-05 -0.456878837  2.52372E-05
   -11     0     0  -0.5  -11.1764432  1.40374E-05  0.008453825  2.19803E-07
   -11   0.5     0  -0.5 -11.17666018  1.38699E-05  0.473824809 -2.47975E-05
   -11     1     0  -0.5 -11.17752168  1.33688E-05  0.938982179 -4.99943E-05
   -11   1.5     0  -0.5  -11.1791009  1.24874E-05  1.403683346  -7.5544E-05
   -11     2     0  -0.5 -11.18152611  1.11488E-05  1.867704765 -0.000101607
   -11   2.5     0  -0.5 -11.18498662  9.24618E-06  2.330851745 -0.000128324
   -11     3     0  -0.5 -11.18974072  6.64443E-06  2.792968158 -0.000155809
   -11   3.5     0  -0.5 -11.19612219  3.18852E-06  3.253945464 -0.000184146
   -11     4     0  -0.5 -11.20453312 -1.27052E-06  3.713729818 -0.000213379
   -11   4.5     0  -0.5 -11.21538328 -6.79942E-06  4.172325253 -0.000243514
   -11     5     0  -0.5 -11.22886284 -1.31727E-05  4.629789474 -0.000274521
   -10    -5     0  -0.5 -10.22169342 -6.66636E-06 -4.587601273  0.000288349
   -10  -4.5     0  -0.5 -10.21072071 -3.49329E-06 -4.134470529   0.00025491
   -10    -4     0  -0.5 -10.20022937  7.65026E-07 -3.679893468  0.000222544
   -10  -3.5     0  -0.5 -10.19170542  4.60727E-06 -3.223699241  0.000191349
   -10    -3     0  -0.5  -10.1852583  7.63898E-06 -2.765829694  0.000161348
   -10  -2.5     0  -0.5 -10.18058322  9.86514E-06 -2.306333414  0.000132495
   -10    -2     0  -0.5 -10.17730363  1.14161E-05 -1.845349565   0.00010468
   -10  -1.5     0  -0.5 -10.17508454  1.24425E-05 -1.383089123  7.77487E-05
   -10    -1     0  -0.5  -10.1736639  1.30752E-05 -0.919816913  5.15089E-05
   -10  -0.5     0  -0.5 -10.17285693  1.34113E-05 -0.455835647  2.57436E-05
   -10     0     0  -0.5 -10.17255311  1.35093E-05  0.008527969  2.19511E-07
   -10   0.5     0  -0.5 -10.17271296  1.33867E-05  0.472935557 -2.53042E-05
   -10     1     0  -0.5  -10.1733668  1.30201E-05  0.937048534 -5.10686E-05
   -10   1.5     0  -0.5 -10.17461635  1.23431E-05  1.400539539 -7.73069E-05
   -10     2     0  -0.5 -10.17663941  1.12457E-05  1.863104645 -0.000104236
   -10   2.5     0  -0.5 -10.17969756   9.5723E-06  2.324477048 -0.000132049
   -10     3     0  -0.5 -10.18414568  7.12328E-06  2.784442676 -0.000160901
   -10   3.5     0  -0.5 -10.19043893  3.66207E-06  3.242857628   -0.0001909
   -10     4     0  -0.5  -10.1991234 -1.05759E-06  3.699666267 -0.000222096
   -10   4.5     0  -0.5 -10.21076914 -7.21268E-06   4.15491699 -0.000254465
   -10     5     0  -0.5 -10.22573175 -1.46972E-05  4.608769535  -0.00028791
    -9    -5     0  -0.5 -9.211642074 -3.82754E-06 -4.562049959  0.000304386
    -9  -4.5     0  -0.5 -9.199388208  2.54753E-07 -4.114573192  0.000267231
    -9    -4     0  -0.5 -9.188706322  4.68925E-06 -3.664906913  0.000231661
    -9  -3.5     0  -0.5 -9.180707055  8.23355E-06 -3.212782197  0.000197836
    -9    -3     0  -0.5 -9.175194033  1.06969E-05 -2.758148437  0.000165771
    -9  -2.5     0  -0.5 -9.171625413  1.22398E-05  -2.30112832   0.00013537
    -9    -2     0  -0.5 -9.169448915  1.31073E-05 -1.841971173  0.000106449
    -9  -1.5     0  -0.5  -9.16820437  1.35313E-05 -1.381014204  7.87654E-05
    -9    -1     0  -0.5 -9.167544277  1.36984E-05 -0.918653194  5.20392E-05
    -9  -0.5     0  -0.5 -9.167229117  1.37408E-05 -0.455321203  2.59634E-05
    -9     0     0  -0.5 -9.167117821  1.37364E-05   0.00852689  2.16405E-07
    -9   0.5     0  -0.5 -9.167160626  1.37093E-05  0.472426136 -2.55302E-05
    -9     1     0  -0.5 -9.167396547  1.36296E-05  0.935911503 -5.16048E-05
    -9   1.5     0  -0.5  -9.16795615  1.34115E-05  1.398527814 -7.83291E-05
    -9     2     0  -0.5 -9.169070022  1.29096E-05  1.859841421  -0.00010601
    -9   2.5     0  -0.5 -9.171082595  1.19131E-05  2.319455448 -0.000134929
    -9     3     0  -0.5 -9.174470189   1.0141E-05  2.777030681 -0.000165329
    -9   3.5     0  -0.5 -9.179857903  7.24311E-06  3.232314103 -0.000197392
    -9     4     0  -0.5  -9.18801893  2.82048E-06  3.685176493 -0.000231217
    -9   4.5     0  -0.5 -9.199810793 -3.49958E-06  4.135657725  -0.00026679
    -9     5     0  -0.5 -9.215927836 -1.18486E-05  4.584012295 -0.000303947
    -8    -5     0  -0.5 -8.189578966   6.6735E-06 -4.533945414  0.000322142
    -8  -4.5     0  -0.5 -8.177686198  1.05753E-05 -4.094995194  0.000279419
    -8    -4     0  -0.5 -8.168707995  1.39392E-05 -3.652063948  0.000239466
    -8  -3.5     0  -0.5 -8.163062033  1.59881E-05 -3.204983283   0.00020238
    -8    -3     0  -0.5 -8.160086976  1.68368E-05 -2.753929332  0.000168029
    -8  -2.5     0  -0.5 -8.158946085  1.68381E-05 -2.299288223  0.000136142
    -8    -2     0  -0.5 -8.158908192  1.63526E-05 -1.841564657  0.000106368
    -8  -1.5     0  -0.5 -8.159408553  1.56796E-05   -1.3813264  7.83105E-05
    -8    -1     0  -0.5 -8.160040754  1.50431E-05 -0.919172772  5.15521E-05
    -8  -0.5     0  -0.5 -8.160533567  1.45956E-05 -0.455717711  2.56638E-05
    -8     0     0  -0.5 -8.160730498  1.44245E-05  0.008418796  2.11647E-07
    -8   0.5     0  -0.5 -8.160576838  1.45566E-05  0.472614744 -2.52399E-05
    -8     1     0  -0.5 -8.160115359  1.49594E-05  0.936248205 -5.11266E-05
    -8   1.5     0  -0.5 -8.159490897  1.55379E-05  1.398699406 -7.78828E-05
    -8     2     0  -0.5  -8.15896445  1.61266E-05  1.859354812 -0.000105938
    -8   2.5     0  -0.5 -8.158937903  1.64769E-05  2.317615679 -0.000135711
    -8     3     0  -0.5 -8.159989824  1.62403E-05  2.772914889 -0.000167598
    -8   3.5     0  -0.5 -8.162919655  1.49511E-05  3.224747979 -0.000201951
    -8     4     0  -0.5 -8.168785635    1.202E-05  3.672727467 -0.000239042
    -8   4.5     0  -0.5 -8.178888252   6.7767E-06  4.116672121 -0.000279002
    -8     5     0  -0.5 -8.194564617 -1.35079E-06  4.556739904 -0.000321733
    -7    -5     0  -0.5 -7.147936584  2.96785E-05 -4.509148192  0.000337737
    -7  -4.5     0  -0.5 -7.141318131  3.02023E-05 -4.081883924  0.000287452
    -7    -4     0  -0.5 -7.138244659  2.97779E-05 -3.646882587  0.000242372
    -7  -3.5     0  -0.5 -7.138235838  2.82184E-05 -3.204858866  0.000202034
    -7    -3     0  -0.5 -7.140242195  2.58897E-05 -2.756746667  0.000165819
    -7  -2.5     0  -0.5 -7.143293485  2.32289E-05 -2.303514826  0.000133081
    -7    -2     0  -0.5 -7.146638694  2.06074E-05 -1.846100873  0.000103185
    -7  -1.5     0  -0.5  -7.14973666  1.83072E-05 -1.385395315  7.55219E-05
    -7    -1     0  -0.5 -7.152215234  1.65284E-05 -0.922244701  4.95098E-05
    -7  -0.5     0  -0.5 -7.153833381  1.54026E-05 -0.457460905   2.4587E-05
    -7     0     0  -0.5 -7.154454212  1.50038E-05  0.008167748  2.05773E-07
    -7   0.5     0  -0.5 -7.154029456  1.53543E-05  0.473864835 -2.41742E-05
    -7     1     0  -0.5 -7.152594435   1.6427E-05  0.938854083 -4.90935E-05
    -7   1.5     0  -0.5 -7.150273512   1.8141E-05  1.402347644 -7.51008E-05
    -7     2     0  -0.5 -7.147297086  2.03521E-05  1.863534609 -0.000102759
    -7   2.5     0  -0.5 -7.144032968  2.28359E-05    2.3215702 -0.000132653
    -7     3     0  -0.5 -7.141037123  2.52611E-05  2.775567064 -0.000165393
    -7   3.5     0  -0.5 -7.139130068    2.715E-05  3.224593027 -0.000201616
    -7     4     0  -0.5 -7.139502236  2.78288E-05  3.667687707 -0.000241971
    -7   4.5     0  -0.5  -7.14382927  2.63797E-05  4.103928977 -0.000287078
    -7     5     0  -0.5 -7.154296154  2.16629E-05  4.532616744 -0.000337395
    -6    -5     0  -0.5 -6.080888863  6.86946E-05 -4.504905137  0.000340001
    -6  -4.5     0  -0.5 -6.090061983   5.9103E-05 -4.088200424  0.000283002
    -6    -4     0  -0.5 -6.099469939  5.07146E-05 -3.658452416  0.000234579
    -6  -3.5     0  -0.5 -6.109092082  4.30421E-05 -3.218582976   0.00019289
    -6    -3     0  -0.5 -6.118491336   3.6051E-05 -2.770735365  0.000156555
    -6  -2.5     0  -0.5 -6.127195967  2.98514E-05 -2.316555699  0.000124493
    -6    -2     0  -0.5 -6.134812537  2.45796E-05 -1.857386002  9.58061E-05
    -6  -1.5     0  -0.5 -6.141045837   2.0355E-05 -1.394378764  6.97144E-05
    -6    -1     0  -0.5 -6.145688875  1.72684E-05 -0.928564176  4.55133E-05
    -6  -0.5     0  -0.5 -6.148606419  1.53808E-05 -0.460892615  2.25483E-05
    -6     0     0  -0.5 -6.149720618  1.47271E-05   0.00773469  1.95436E-07
    -6   0.5     0  -0.5 -6.149001703  1.53175E-05  0.476440192 -2.21542E-05
    -6     1     0  -0.5 -6.146464947  1.71385E-05  0.944346477 -4.51102E-05
    -6   1.5     0  -0.5 -6.142174239  2.01503E-05  1.410552653 -6.92974E-05
    -6     2     0  -0.5 -6.136253094  2.42808E-05   1.87410886  -9.5373E-05
    -6   2.5     0  -0.5 -6.128904139  2.94173E-05  2.333985681 -0.000124045
    -6     3     0  -0.5 -6.120439871  3.53923E-05  2.789032189 -0.000156098
    -6   3.5     0  -0.5 -6.111330511  4.19646E-05  3.237910284 -0.000192436
    -6     4     0  -0.5 -6.102283096  4.87864E-05  3.678983743 -0.000234149
    -6   4.5     0  -0.5 -6.094384136  5.53383E-05  4.110132291 -0.000282625
    -6     5     0  -0.5 -6.089373482  6.07866E-05  4.528482578 -0.000339717
    -5    -5     0  -0.5 -5.006671683  0.000111279 -4.550899667  0.000310275
    -5  -4.5     0  -0.5 -5.039824167  8.66303E-05 -4.128934209  0.000256775
    -5    -4     0  -0.5  -5.06431337  6.88609E-05 -3.694284161   0.00021155
    -5  -3.5     0  -0.5  -5.08415921  5.49049E-05  -3.24994112  0.000172773
    -5    -3     0  -0.5 -5.100868822  4.34802E-05 -2.797810033   0.00013923
    -5  -2.5     0  -0.5 -5.114947156  3.40669E-05 -2.339366309  0.000109954
    -5    -2     0  -0.5 -5.126529234  2.64586E-05 -1.875877904  8.40936E-05
    -5  -1.5     0  -0.5 -5.135630928  2.05726E-05  -1.40848262   6.0877E-05
    -5    -1     0  -0.5 -5.142239881  1.63726E-05 -0.938221634  3.95904E-05
    -5  -0.5     0  -0.5 -5.146342786  1.38406E-05 -0.466062792  1.95664E-05
    -5     0     0  -0.5 -5.147929686   1.2967E-05  0.007076496  1.68853E-07
    -5   0.5     0  -0.5 -5.146992238  1.37484E-05  0.480304828 -1.92219E-05
    -5     1     0  -0.5 -5.143522429  1.61868E-05  0.952731226 -3.92258E-05
    -5   1.5     0  -0.5 -5.137513801  2.02887E-05  1.423439364 -6.04798E-05
    -5     2     0  -0.5 -5.128964421  2.60645E-05  1.891462491 -8.36532E-05
    -5   2.5     0  -0.5 -5.117877581  3.35322E-05  2.355759457 -0.000109462
    -5     3     0  -0.5 -5.104249594  4.27322E-05  2.815189975 -0.000138685
    -5   3.5     0  -0.5 -5.088019745  5.37729E-05  3.268479581 -0.000172179
    -5     4     0  -0.5 -5.068926628  6.69443E-05  3.714141656 -0.000210925
    -5   4.5     0  -0.5 -5.046150817  8.29811E-05  4.150257642 -0.000256156
    -5     5     0  -0.5 -5.017500942  0.000103627  4.573828233 -0.000309732
    -4    -5     0  -0.5 -3.986137203  0.000117633 -4.637564198  0.000256144
    -4  -4.5     0  -0.5 -4.022077262  9.21607E-05 -4.194086211  0.000216149
    -4    -4     0  -0.5 -4.050002849  7.30005E-05 -3.746956795  0.000178771
    -4  -3.5     0  -0.5 -4.073483539  5.73945E-05 -3.293827699  0.000145524
    -4    -3     0  -0.5 -4.093569115  4.43728E-05 -2.834459671  0.000116542
    -4  -2.5     0  -0.5 -4.110518869  3.35885E-05 -2.369478488  9.13933E-05
    -4    -2     0  -0.5 -4.124391644  2.48961E-05 -1.899820346  6.94357E-05
    -4  -1.5     0  -0.5 -4.135221123    1.821E-05 -1.426487031  4.99808E-05
    -4    -1     0  -0.5 -4.143049689  1.34653E-05 -0.950448737  3.23581E-05
    -4  -0.5     0  -0.5 -4.147920922  1.06115E-05 -0.472617717  1.59331E-05
    -4     0     0  -0.5 -4.149865164  9.61618E-06  0.006144811  1.03442E-07
    -4   0.5     0  -0.5 -4.148888839  1.04677E-05  0.485006881  -1.5715E-05
    -4     1     0  -0.5 -4.144970179  1.31765E-05  0.963138308 -3.21061E-05
    -4   1.5     0  -0.5  -4.13806211  1.77726E-05  1.439682959 -4.96715E-05
    -4     2     0  -0.5 -4.128102593     2.43E-05  1.913736111 -6.90446E-05
    -4   2.5     0  -0.5 -4.115032091  3.28082E-05  2.384335784 -9.08946E-05
    -4     3     0  -0.5 -4.098813674  4.33451E-05  2.850485981 -0.000115909
    -4   3.5     0  -0.5 -4.079437641   5.5965E-05  3.311248601 -0.000144731
    -4     4     0  -0.5 -4.056853169  7.07919E-05   3.76597998 -0.000177793
    -4   4.5     0  -0.5 -4.030663925  8.82465E-05  4.214873496 -0.000214963
    -4     5     0  -0.5   -3.9991499   0.00010972  4.660188726  -0.00025472
    -3    -5     0  -0.5 -3.018769631  8.82676E-05 -4.686505484  0.000229419
    -3  -4.5     0  -0.5 -3.035765691  7.66369E-05 -4.246276504  0.000186487
    -3    -4     0  -0.5 -3.056679842  6.34151E-05 -3.797195573  0.000149697
    -3  -3.5     0  -0.5 -3.077994177  5.03645E-05 -3.339305464  0.000118977
    -3    -3     0  -0.5 -3.097717816  3.85003E-05 -2.873831483  9.34887E-05
    -3  -2.5     0  -0.5 -3.114866458   2.8316E-05 -2.402252144   7.2224E-05
    -3    -2     0  -0.5 -3.129036511  1.99991E-05 -1.925953313  5.42328E-05
    -3  -1.5     0  -0.5 -3.140124867  1.35796E-05 -1.446135448  3.86838E-05
    -3    -1     0  -0.5 -3.148161472  9.02025E-06 -0.963818914   2.4862E-05
    -3  -0.5     0  -0.5  -3.15321489  6.26855E-06 -0.479882191  1.21446E-05
    -3     0     0  -0.5 -3.155341577  5.28355E-06  0.004891887 -2.93241E-08
    -3   0.5     0  -0.5 -3.154561128    6.049E-06  0.489769809 -1.21896E-05
    -3     1     0  -0.5 -3.150848181  8.57676E-06  0.974022248 -2.48652E-05
    -3   1.5     0  -0.5 -3.144138292   1.2902E-05  1.456878985 -3.86142E-05
    -3     2     0  -0.5 -3.134351088  1.90677E-05  1.937482678 -5.40547E-05
    -3   2.5     0  -0.5 -3.121441731  2.70924E-05  2.414842398  -7.1895E-05
    -3     3     0  -0.5 -3.105504018  3.69051E-05  2.887794042 -9.29584E-05
    -3   3.5     0  -0.5 -3.086969665  4.82226E-05  3.354990844 -0.000118187
    -3     4     0  -0.5  -3.06698512    6.032E-05  3.814985962 -0.000148583
    -3   4.5     0  -0.5 -3.048107438  7.16111E-05  4.266556579 -0.000184988
    -3     5     0  -0.5 -3.035547245  7.89139E-05  4.709593573 -0.000227492
    -2    -5     0  -0.5 -2.025634977  7.50667E-05 -4.705762837  0.000227074
    -2  -4.5     0  -0.5 -2.047617702  6.27468E-05 -4.287074125  0.000168314
    -2    -4     0  -0.5 -2.070643359  5.01109E-05 -3.843006747  0.000126664
    -2  -3.5     0  -0.5 -2.092141309  3.84279E-05 -3.382694005  9.62127E-05
    -2    -3     0  -0.5 -2.110997787  2.82482E-05 -2.911781938  7.32091E-05
    -2  -2.5     0  -0.5 -2.126843798  1.97523E-05 -2.433793042   5.5261E-05
    -2    -2     0  -0.5 -2.139662912  1.29422E-05 -1.950997371  4.07924E-05
    -2  -1.5     0  -0.5 -2.149582909  7.74597E-06  -1.46492454  2.87167E-05
    -2    -1     0  -0.5 -2.156767346  4.07345E-06 -0.976661757  1.82431E-05
    -2  -0.5     0  -0.5   -2.1613604  1.84545E-06 -0.487032306  8.75821E-06
    -2     0     0  -0.5 -2.163459759  1.00824E-06  0.003291008  -2.5037E-07
    -2   0.5     0  -0.5  -2.16310434  1.53989E-06  0.493706283 -9.24848E-06
    -2     1     0  -0.5 -2.160270523  3.45144E-06  0.983617676 -1.87009E-05
    -2   1.5     0  -0.5 -2.154875065   6.7838E-06  1.472371172 -2.91165E-05
    -2     2     0  -0.5 -2.146786913  1.15984E-05  1.959176823  -4.1103E-05
    -2   2.5     0  -0.5 -2.135855581  1.79572E-05  2.442998202  -5.5443E-05
    -2     3     0  -0.5 -2.121973589    2.588E-05  2.922377207 -7.32131E-05
    -2   3.5     0  -0.5 -2.105210939  3.52582E-05  3.395137518 -9.59813E-05
    -2     4     0  -0.5 -2.086103847  4.56747E-05  3.857866197 -0.000126143
    -2   4.5     0  -0.5 -2.066276469  5.60267E-05   4.30501533 -0.000167481
    -2     5     0  -0.5  -2.04977419  6.37262E-05  4.727473457 -0.000226003
    -1    -5     0  -0.5 -1.029172033  6.66868E-05 -4.775900046  0.000199745
    -1  -4.5     0  -0.5 -1.070884349  4.44983E-05 -4.347616917  0.000142513
    -1    -4     0  -0.5 -1.098774962  3.06456E-05 -3.893490492  0.000104122
    -1  -3.5     0  -0.5 -1.118996123  2.11119E-05  -3.42407976  7.72213E-05
    -1    -3     0  -0.5 -1.134400606  1.40924E-05 -2.945239427  5.76179E-05
    -1  -2.5     0  -0.5 -1.146389748  8.75201E-06 -2.460386014  4.27928E-05
    -1    -2     0  -0.5 -1.155718015   4.6758E-06 -1.971610442  3.11569E-05
    -1  -1.5     0  -0.5 -1.162834184  1.63629E-06 -1.480254712  2.16568E-05
    -1    -1     0  -0.5 -1.168025216 -5.02876E-07 -0.987226647  1.35548E-05
    -1  -0.5     0  -0.5 -1.171477489  -1.8266E-06 -0.493181147  6.29951E-06
    -1     0     0  -0.5 -1.173303427 -2.38468E-06  0.001368241 -5.56218E-07
    -1   0.5     0  -0.5  -1.17355301 -2.19869E-06  0.495973398  -7.4123E-06
    -1     1     0  -0.5 -1.172217817 -1.26458E-06  0.990191126 -1.46685E-05
    -1   1.5     0  -0.5 -1.169229737  4.47217E-07  1.483523376 -2.27713E-05
    -1     2     0  -0.5 -1.164452998  2.99488E-06  1.975343513 -3.22716E-05
    -1   2.5     0  -0.5 -1.157663404  6.47525E-06   2.46478852 -4.39073E-05
    -1     3     0  -0.5 -1.148498761   1.1051E-05   2.95058276 -5.87354E-05
    -1   3.5     0  -0.5 -1.136341668    1.702E-05  3.430727301  -7.8358E-05
    -1     4     0  -0.5  -1.12004383  2.49866E-05    3.9019181 -0.000105332
    -1   4.5     0  -0.5 -1.097288479  3.62661E-05  4.358392483 -0.000143954
    -1     5     0  -0.5 -1.063172843  5.37838E-05  4.789506698 -0.000201823
     0    -5     0  -0.5 -0.135252556  9.24771E-07 -4.860916363  0.000167369
     0  -4.5     0  -0.5 -0.149179557  -2.4505E-06 -4.401784509  0.000123506
     0    -4     0  -0.5 -0.158092939 -3.60519E-06 -3.930902058   9.1703E-05
     0  -3.5     0  -0.5 -0.164477928 -3.96956E-06 -3.451424298  6.84124E-05
     0    -3     0  -0.5 -0.169411424 -4.08924E-06 -2.965914718  5.10525E-05
     0  -2.5     0  -0.5 -0.173380978 -4.15789E-06 -2.476254194   3.7801E-05
     0    -2     0  -0.5 -0.176627087 -4.23606E-06 -1.983770929  2.73802E-05
     0  -1.5     0  -0.5 -0.179283681 -4.33789E-06 -1.489396157  1.88858E-05
     0    -1     0  -0.5 -0.181435419 -4.46418E-06 -0.993793383  1.16592E-05
     0  -0.5     0  -0.5 -0.183141255 -4.61433E-06 -0.497454957  5.19805E-06
     0     0     0  -0.5 -0.184444557 -4.79056E-06 -0.000772838  -9.0937E-07
     0   0.5     0  -0.5 -0.185378034 -4.99954E-06  0.495907233 -7.03365E-06
     0     1     0  -0.5 -0.185966773 -5.25359E-06  0.992239441 -1.35472E-05
     0   1.5     0  -0.5 -0.186230606 -5.57215E-06  1.487831414 -2.08676E-05
     0     2     0  -0.5 -0.186185791 -5.98349E-06  1.982189204 -2.95089E-05
     0   2.5     0  -0.5 -0.185844322 -6.52564E-06  2.474644231 -4.01511E-05
     0     3     0  -0.5   -0.1852055 -7.24324E-06  2.964250612 -5.37383E-05
     0   3.5     0  -0.5 -0.184225006 -8.17107E-06   3.44963981 -7.16241E-05
     0     4     0  -0.5 -0.182723958 -9.28103E-06  3.928821819 -9.57858E-05
     0   4.5     0  -0.5 -0.180146975 -1.03378E-05  4.398939092 -0.000129138
     0     5     0  -0.5 -0.174966128 -1.05469E-05  4.856040527 -0.000175981
     1    -5     0  -0.5   0.72361294 -7.39045E-05 -4.838746495  0.000196487
     1  -4.5     0  -0.5   0.75285122 -5.31656E-05 -4.393298878  0.000140676
     1    -4     0  -0.5  0.770721043 -3.94075E-05 -3.927671273  0.000102951
     1  -3.5     0  -0.5  0.782411524 -2.96233E-05 -3.450316238  7.63577E-05
     1    -3     0  -0.5   0.79039924 -2.23874E-05 -2.965761757  5.68999E-05
     1  -2.5     0  -0.5  0.795945006 -1.69602E-05 -2.476627868  4.21467E-05
     1    -2     0  -0.5  0.799735457  -1.2922E-05 -1.984521923   3.0546E-05
     1  -1.5     0  -0.5  0.802166268 -1.00171E-05 -1.490481792  2.10579E-05
     1    -1     0  -0.5  0.803471507 -8.08428E-06 -0.995214862  1.29482E-05
     1  -0.5     0  -0.5  0.803784599 -7.02423E-06 -0.499236545   5.6642E-06
     1     0     0  -0.5  0.803167245 -6.78426E-06 -0.002957134 -1.24541E-06
     1   0.5     0  -0.5  0.801621914 -7.35141E-06  0.493257394 -8.18772E-06
     1     1     0  -0.5    0.7990943 -8.75067E-06   0.98903505 -1.55735E-05
     1   1.5     0  -0.5  0.795467364 -1.10474E-05   1.48394608 -2.38658E-05
     1     2     0  -0.5  0.790545273 -1.43548E-05  1.977437286 -3.36405E-05
     1   2.5     0  -0.5  0.784021291 -1.88482E-05  2.468734608 -4.56729E-05
     1     3     0  -0.5  0.775416045 -2.47944E-05  2.956682921 -6.10753E-05
     1   3.5     0  -0.5  0.763956738 -3.26083E-05  3.439461507 -8.15326E-05
     1     4     0  -0.5  0.748332549 -4.29702E-05  3.914039887 -0.000109732
     1   4.5     0  -0.5  0.726180598 -5.70798E-05  4.375044933 -0.000150198
     1     5     0  -0.5  0.692965765 -7.72397E-05  4.812142907 -0.000211056
     2    -5     0  -0.5  1.670660717 -8.60944E-05 -4.782726935  0.000232817
     2  -4.5     0  -0.5  1.695436882 -7.37137E-05  -4.35148585  0.000170114
     2    -4     0  -0.5  1.718768224 -5.99589E-05 -3.895887309  0.000126764
     2  -3.5     0  -0.5  1.738570486 -4.72417E-05 -3.425863829  9.55893E-05
     2    -3     0  -0.5   1.75457151 -3.63626E-05 -2.946986764  7.22885E-05
     2  -2.5     0  -0.5  1.767070232 -2.74784E-05 -2.462474233  5.42271E-05
     2    -2     0  -0.5  1.776487199 -2.05094E-05 -1.974279985  3.97191E-05
     2  -1.5     0  -0.5  1.783208396 -1.53096E-05 -1.483663917  2.76254E-05
     2    -1     0  -0.5  1.787536926  -1.1737E-05 -0.991495906  1.71276E-05
     2  -0.5     0  -0.5  1.789682737 -9.68116E-06 -0.498425414  7.59532E-06
     2     0     0  -0.5  1.789763969 -9.07379E-06 -0.004983797 -1.49732E-06
     2   0.5     0  -0.5  1.787810147 -9.89193E-06  0.488345971 -1.06309E-05
     2     1     0  -0.5  1.783763824  -1.2158E-05  0.981072322 -2.02899E-05
     2   1.5     0  -0.5  1.777480381 -1.59378E-05  1.472636604 -3.10129E-05
     2     2     0  -0.5    1.7687281 -2.13333E-05  1.962338428  -4.3454E-05
     2   2.5     0  -0.5  1.757195314 -2.84655E-05  2.449223395 -5.84716E-05
     2     3     0  -0.5  1.742522526 -3.74295E-05  2.931895118   -7.727E-05
     2   3.5     0  -0.5  1.724406406 -4.81853E-05  3.408177663 -0.000101642
     2     4     0  -0.5  1.702897895 -6.02896E-05  3.874482748 -0.000134402
     2   4.5     0  -0.5  1.679215148  -7.2245E-05  4.324607138 -0.000180153
     2     5     0  -0.5  1.657916609 -7.99207E-05  4.747537984 -0.000246568
     3    -5     0  -0.5  2.637839343 -9.20709E-05 -4.763198693  0.000236652
     3  -4.5     0  -0.5   2.65837025 -8.47449E-05 -4.315151661  0.000189192
     3    -4     0  -0.5  2.683019161 -7.19901E-05  -3.85706532   0.00015017
     3  -3.5     0  -0.5  2.706458914 -5.83767E-05 -3.390441737  0.000118377
     3    -3     0  -0.5  2.726722377 -4.58611E-05 -2.917043681  9.23915E-05
     3  -2.5     0  -0.5  2.743291387 -3.51912E-05  -2.43846513  7.09096E-05
     3    -2     0  -0.5  2.756221305 -2.65803E-05 -1.956031028  5.28308E-05
     3  -1.5     0  -0.5  2.765752569 -2.00223E-05 -1.470817608  3.72452E-05
     3    -1     0  -0.5  2.772143405 -1.54384E-05 -0.983706774  2.33951E-05
     3  -0.5     0  -0.5  2.775600711 -1.27439E-05 -0.495443748  1.06322E-05
     3     0     0  -0.5  2.776253494  -1.1878E-05 -0.006689488 -1.62288E-06
     3   0.5     0  -0.5  2.774144192 -1.28157E-05  0.481932276 -1.39172E-05
     3     1     0  -0.5  2.769228006 -1.55702E-05  0.969790837 -2.68005E-05
     3   1.5     0  -0.5  2.761378059 -2.01866E-05  1.456203759 -4.08607E-05
     3     2     0  -0.5  2.750400899 -2.67248E-05  1.940388236 -5.67609E-05
     3   2.5     0  -0.5  2.736076214 -3.52197E-05  2.421406083 -7.52817E-05
     3     3     0  -0.5  2.718254152 -4.55948E-05  2.898102887 -9.73655E-05
     3   3.5     0  -0.5  2.697086862 -5.74715E-05  3.369051011 -0.000124157
     3     4     0  -0.5  2.673568756  -6.9754E-05  3.832531034 -0.000157014
     3   4.5     0  -0.5   2.65078023 -7.97185E-05  4.286649017 -0.000197416
     3     5     0  -0.5  2.636709018 -8.10325E-05  4.729833006 -0.000246587
     4    -5     0  -0.5  3.582932834 -0.000120933 -4.719006339  0.000255373
     4  -4.5     0  -0.5  3.623527886  -9.9898E-05 -4.264968494  0.000215467
     4    -4     0  -0.5  3.657364165  -8.1185E-05 -3.808737784  0.000177818
     4  -3.5     0  -0.5  3.685410237 -6.49115E-05 -3.347455494  0.000144299
     4    -3     0  -0.5  3.708371237 -5.10843E-05 -2.880714614  0.000115131
     4  -2.5     0  -0.5  3.726805975 -3.96432E-05 -2.409062002  8.98754E-05
     4    -2     0  -0.5  3.741173727 -3.04894E-05 -1.933365251  6.78645E-05
     4  -1.5     0  -0.5  3.751847763 -2.35121E-05 -1.454550402  4.83826E-05
     4    -1     0  -0.5    3.7591181 -1.86076E-05 -0.973505538  3.07371E-05
     4  -0.5     0  -0.5  3.763192248 -1.56925E-05 -0.491058815  1.42761E-05
     4     0     0  -0.5  3.764196153 -1.47113E-05 -0.007989088 -1.61731E-06
     4   0.5     0  -0.5  3.762175628 -1.56394E-05  0.474949876 -1.75411E-05
     4     1     0  -0.5  3.757098079 -1.84836E-05  0.957000467 -3.40945E-05
     4   1.5     0  -0.5  3.748854868 -2.32778E-05  1.437372509 -5.18974E-05
     4     2     0  -0.5  3.737265549 -3.00748E-05  1.915219861 -7.16068E-05
     4   2.5     0  -0.5  3.722087017 -3.89294E-05  2.389631744 -9.39213E-05
     4     3     0  -0.5  3.703033772 -4.98682E-05  2.859659072 -0.000119562
     4   3.5     0  -0.5  3.679823389 -6.28309E-05  3.324419837 -0.000149201
     4     4     0  -0.5  3.652280617 -7.75556E-05  3.783379482 -0.000183269
     4   4.5     0  -0.5  3.620588181  -9.3335E-05  4.237020644 -0.000221522
     4     5     0  -0.5  3.585942446 -0.000108435  4.688420663 -0.000262019
     5    -5     0  -0.5  4.575755132 -0.000122728 -4.625976522  0.000308203
     5  -4.5     0  -0.5  4.620539617 -9.76415E-05 -4.195057894  0.000255531
     5    -4     0  -0.5  4.654632656 -7.82321E-05 -3.752842029  0.000210488
     5  -3.5     0  -0.5  4.681454842 -6.26259E-05 -3.301728511  0.000171651
     5    -3     0  -0.5  4.702872581  -4.9875E-05  -2.84336939  0.000137989
     5  -2.5     0  -0.5  4.719937001 -3.94889E-05 -2.379135568    0.0001086
     5    -2     0  -0.5  4.733268372 -3.12025E-05 -1.910245554  8.26541E-05
     5  -1.5     0  -0.5  4.743252101 -2.48629E-05 -1.437802869  5.93739E-05
     5    -1     0  -0.5  4.750136458 -2.03757E-05 -0.962814998  3.80354E-05
     5  -0.5     0  -0.5  4.754080308 -1.76803E-05 -0.486213106  1.79581E-05
     5     0     0  -0.5  4.755175794 -1.67402E-05 -0.008875661 -1.50654E-06
     5   0.5     0  -0.5  4.753458638 -1.75374E-05  0.468345054 -2.09904E-05
     5     1     0  -0.5  4.748911709 -2.00714E-05  0.944595205 -4.11251E-05
     5   1.5     0  -0.5  4.741463834 -2.43574E-05  1.418991958 -6.25589E-05
     5     2     0  -0.5  4.730982924 -3.04268E-05  1.890597973 -8.59707E-05
     5   2.5     0  -0.5  4.717259627 -3.83301E-05  2.358399593 -0.000112082
     5     3     0  -0.5  4.699974376 -4.81462E-05  2.821290038 -0.000141661
     5   3.5     0  -0.5  4.678636881 -6.00014E-05  3.278054528 -0.000175527
     5     4     0  -0.5  4.652487676 -7.41027E-05  3.727337747 -0.000214559
     5   4.5     0  -0.5  4.620369508 -9.07734E-05    4.1675186 -0.000259747
     5     5     0  -0.5   4.58065286 -0.000110439  4.596236594  -0.00031245
     6    -5     0  -0.5  5.636152883 -8.10451E-05 -4.563632314   0.00034365
     6  -4.5     0  -0.5  5.657719594 -7.05611E-05 -4.143761821   0.00028486
     6    -4     0  -0.5   5.67768708 -6.00727E-05 -3.709917717  0.000235363
     6  -3.5     0  -0.5  5.695184079 -5.04244E-05 -3.265579054   0.00019297
     6    -3     0  -0.5  5.710118615 -4.18878E-05 -2.813148923  0.000156149
     6  -2.5     0  -0.5  5.722573101 -3.45615E-05 -2.354408213  0.000123744
     6    -2     0  -0.5  5.732636878 -2.84959E-05 -1.890775277  9.48131E-05
     6  -1.5     0  -0.5  5.740374489 -2.37257E-05 -1.423446666  6.85448E-05
     6    -1     0  -0.5  5.745828545 -2.02764E-05 -0.953476234  4.42094E-05
     6  -0.5     0  -0.5  5.749027122 -1.81643E-05 -0.481824653  2.11314E-05
     6     0     0  -0.5  5.749988927 -1.73967E-05 -0.009395343 -1.33066E-06
     6   0.5     0  -0.5  5.748726006 -1.79706E-05  0.462935535 -2.38019E-05
     6     1     0  -0.5  5.745244809 -1.98729E-05  0.934291379 -4.69067E-05
     6   1.5     0  -0.5  5.739546409 -2.30782E-05  1.403767602 -7.12846E-05
     6     2     0  -0.5  5.731626025 -2.75455E-05  1.870402061 -9.76072E-05
     6   2.5     0  -0.5  5.721472991 -3.32127E-05  2.333139719 -0.000126598
     6     3     0  -0.5  5.709076907 -3.99822E-05  2.790783638 -0.000159059
     6   3.5     0  -0.5  5.694461492 -4.76828E-05  3.241915686 -0.000195917
     6     4     0  -0.5  5.677815146 -5.59614E-05  3.684753608  -0.00023831
     6   4.5     0  -0.5   5.65992039 -6.39713E-05  4.116884545 -0.000287739
     6     5     0  -0.5  5.643443945 -6.95108E-05  4.534795055 -0.000346361
     7    -5     0  -0.5  6.700110457 -3.75621E-05 -4.556973674  0.000344154
     7  -4.5     0  -0.5  6.703194938 -3.90109E-05 -4.128641894  0.000291521
     7    -4     0  -0.5   6.70940108 -3.73822E-05 -3.691483814  0.000244826
     7  -3.5     0  -0.5  6.716732198 -3.42938E-05 -3.246617764  0.000203367
     7    -3     0  -0.5  6.724138356 -3.06446E-05 -2.795260739  0.000166363
     7  -2.5     0  -0.5  6.731021565 -2.69683E-05 -2.338570488  0.000133061
     7    -2     0  -0.5   6.73701166 -2.36032E-05  -1.87761031  0.000102756
     7  -1.5     0  -0.5  6.741865842 -2.07738E-05 -1.413355283  7.47893E-05
     7    -1     0  -0.5  6.745422682 -1.86301E-05 -0.946709556  4.85434E-05
     7  -0.5     0  -0.5  6.747579918 -1.72678E-05 -0.478525108  2.34279E-05
     7     0     0  -0.5  6.748283065 -1.67387E-05 -0.009619805 -1.12828E-06
     7   0.5     0  -0.5  6.747519917 -1.70553E-05  0.459205367 -2.56865E-05
     7     1     0  -0.5  6.745319039 -1.81924E-05  0.927149498 -5.08073E-05
     7   1.5     0  -0.5  6.741752163 -2.00834E-05  1.393395019 -7.70597E-05
     7     2     0  -0.5  6.736941629 -2.26128E-05    1.8570906  -0.00010503
     7   2.5     0  -0.5   6.73107678 -2.55995E-05  2.317333279 -0.000135332
     7     3     0  -0.5  6.724450247 -2.87637E-05  2.773149705 -0.000168615
     7   3.5     0  -0.5  6.717542166 -3.16558E-05  3.223478568 -0.000205574
     7     4     0  -0.5  6.711222958 -3.34989E-05  3.667163469 -0.000246953
     7   4.5     0  -0.5  6.707247636 -3.28289E-05  4.102986982 -0.000293521
     7     5     0  -0.5  6.709457681 -2.66623E-05  4.529830315 -0.000345968
     8    -5     0  -0.5  7.740317462 -1.04715E-05 -4.576374253  0.000328428
     8  -4.5     0  -0.5  7.736265997 -1.64515E-05 -4.136333204  0.000283902
     8    -4     0  -0.5  7.735316533 -1.93809E-05 -3.691706845  0.000242537
     8  -3.5     0  -0.5  7.736223093  -2.0409E-05 -3.242458338  0.000204365
     8    -3     0  -0.5   7.73819202 -2.02688E-05 -2.788900771  0.000169185
     8  -2.5     0  -0.5  7.740656302 -1.94684E-05 -2.331538062  0.000136665
     8    -2     0  -0.5  7.743190564 -1.83746E-05 -1.870969445  0.000106405
     8  -1.5     0  -0.5  7.745474849 -1.72553E-05 -1.407836495  7.79686E-05
     8    -1     0  -0.5  7.747276066 -1.63011E-05  -0.94279585  5.09053E-05
     8  -0.5     0  -0.5  7.748436772 -1.56394E-05 -0.476506642  2.47592E-05
     8     0     0  -0.5  7.748867912 -1.53421E-05 -0.009626098 -9.27362E-07
     8   0.5     0  -0.5  7.748544689 -1.54295E-05  0.457190593 -2.66117E-05
     8     1     0  -0.5  7.747505356 -1.58713E-05  0.923288606 -5.27506E-05
     8   1.5     0  -0.5  7.745853127 -1.65839E-05  1.388011826 -7.98001E-05
     8     2     0  -0.5  7.743762137 -1.74232E-05  1.850703105 -0.000108214
     8   2.5     0  -0.5  7.741489745 -1.81708E-05  2.310708815 -0.000138438
     8     3     0  -0.5  7.739401931 -1.85072E-05  2.767391603 -0.000170905
     8   3.5     0  -0.5  7.738030554  -1.7957E-05  3.220157842  -0.00020601
     8     4     0  -0.5  7.738213181 -1.57697E-05  3.668510933 -0.000244081
     8   4.5     0  -0.5  7.741452184 -1.06397E-05   4.11214803 -0.000285315
     8     5     0  -0.5  7.750859665 -2.27096E-08  4.551124532 -0.000329674
     9    -5     0  -0.5  8.760236847  2.68492E-06 -4.601460313  0.000309594
     9  -4.5     0  -0.5  8.754919965 -3.97814E-06 -4.152490094  0.000271225
     9    -4     0  -0.5  8.751555925 -8.36716E-06 -3.701074548  0.000234614
     9  -3.5     0  -0.5  8.749578334  -1.1197E-05 -3.246971156  0.000199922
     9    -3     0  -0.5  8.748639048 -1.29081E-05 -2.790178293  0.000167145
     9  -2.5     0  -0.5  8.748439992 -1.38269E-05 -2.330872432  0.000136163
     9    -2     0  -0.5   8.74870716 -1.42154E-05 -1.869354104  0.000106767
     9  -1.5     0  -0.5  8.749199894 -1.42832E-05 -1.406006237  7.86925E-05
     9    -1     0  -0.5  8.749723066 -1.41916E-05 -0.941264239  5.16361E-05
     9  -0.5     0  -0.5  8.750135104 -1.40538E-05 -0.475595329   2.5271E-05
     9     0     0  -0.5  8.750351988 -1.39362E-05  -0.00948443 -7.43498E-07
     9   0.5     0  -0.5  8.750348954 -1.38582E-05  0.456575877 -2.67537E-05
     9     1     0  -0.5  8.750160993 -1.37923E-05  0.922093493 -5.31058E-05
     9   1.5     0  -0.5  8.749882917 -1.36624E-05  1.386584971 -8.01392E-05
     9     2     0  -0.5  8.749669412 -1.33402E-05  1.849585645 -0.000108179
     9   2.5     0  -0.5  8.749735913 -1.26388E-05   2.31066389 -0.000137527
     9     3     0  -0.5  8.750364752 -1.12975E-05  2.769441935 -0.000168447
     9   3.5     0  -0.5  8.751931935 -8.94654E-06  3.225625971 -0.000201142
     9     4     0  -0.5  8.755002438 -5.01404E-06  3.679048111 -0.000235735
     9   4.5     0  -0.5  8.760633671  1.52137E-06   4.12972148 -0.000272225
     9     5     0  -0.5  8.771273608  1.27946E-05  4.577907211 -0.000310451
    10    -5     0  -0.5  9.767373123  7.10982E-06 -4.624751527  0.000292387
    10  -4.5     0  -0.5  9.762961073  1.15016E-06 -4.169781972  0.000258152
    10    -4     0  -0.5  9.759485476 -3.22026E-06 -3.713315208  0.000225065
    10  -3.5     0  -0.5  9.756742112 -6.48688E-06 -3.255177195  0.000193232
    10    -3     0  -0.5  9.754687248 -8.88948E-06 -2.795321959  0.000162676
    10  -2.5     0  -0.5  9.753257445 -1.05968E-05 -2.333816465  0.000133342
    10    -2     0  -0.5  9.752348782 -1.17544E-05 -1.870820397  0.000105114
    10  -1.5     0  -0.5  9.751838008 -1.24906E-05 -1.406565187  7.78226E-05
    10    -1     0  -0.5  9.751607139  -1.2912E-05 -0.941334878  5.12653E-05
    10  -0.5     0  -0.5  9.751561894 -1.30979E-05 -0.475449688  2.52121E-05
    10     0     0  -0.5  9.751643121 -1.30964E-05 -0.009252182 -5.82795E-07
    10   0.5     0  -0.5   9.75183283 -1.29215E-05  0.456904635 -2.63728E-05
    10     1     0  -0.5  9.752156103 -1.25524E-05  0.922668234  -5.2411E-05
    10   1.5     0  -0.5  9.752679679 -1.19321E-05  1.387697476 -7.89428E-05
    10     2     0  -0.5  9.753507525 -1.09675E-05  1.851674568 -0.000106197
    10   2.5     0  -0.5   9.75477431 -9.52683E-06  2.314318941 -0.000134377
    10     3     0  -0.5  9.756641186  -7.4312E-06  2.775403711 -0.000163648
    10   3.5     0  -0.5  9.759310444 -4.42636E-06  3.234774834 -0.000194127
    10     4     0  -0.5  9.763110078 -9.58057E-08  3.692372117 -0.000225869
    10   4.5     0  -0.5  9.768795154  6.38834E-06   4.14825008 -0.000258852
    10     5     0  -0.5   9.77846678  1.69504E-05  4.602596125 -0.000292965
    11    -5     0  -0.5  10.76701623  6.47341E-06 -4.644226157  0.000277959
    11  -4.5     0  -0.5  10.76414909  1.58066E-06 -4.185308662  0.000246446
    11    -4     0  -0.5  10.76150741 -2.19924E-06 -3.725299836  0.000215829
    11  -3.5     0  -0.5  10.75905531 -5.24775E-06 -3.264123244  0.000186149
    11    -3     0  -0.5  10.75691706 -7.69389E-06 -2.801764136  0.000157402
    11  -2.5     0  -0.5  10.75517989  -9.6046E-06 -2.338270166  0.000129543
    11    -2     0  -0.5  10.75386535 -1.10395E-05 -1.873746522  0.000102488
    11  -1.5     0  -0.5  10.75294825  -1.2059E-05  -1.40834763   7.6117E-05
    11    -1     0  -0.5  10.75238263 -1.27195E-05 -0.942267266  5.02844E-05
    11  -0.5     0  -0.5  10.75212273  -1.3066E-05  -0.47572824  2.48235E-05
    11     0     0  -0.5  10.75213681 -1.31268E-05 -0.008972289 -4.45813E-07
    11   0.5     0  -0.5  10.75241494 -1.29098E-05  0.457749699 -2.57103E-05
    11     1     0  -0.5  10.75297145 -1.24009E-05  0.924187212 -5.11566E-05
    11   1.5     0  -0.5  10.75384289 -1.15636E-05  1.390099655 -7.69646E-05
    11     2     0  -0.5  10.75508193 -1.03394E-05  1.855266109 -0.000103301
    11   2.5     0  -0.5  10.75674836 -8.64706E-06  2.319495415  -0.00013031
    11     3     0  -0.5  10.75890248 -6.37564E-06  2.782636412 -0.000158112
    11   3.5     0  -0.5  10.76161891 -3.35599E-06  3.244587714 -0.000186791
    11     4     0  -0.5  10.76507412  7.28644E-07  3.705305926 -0.000216393
    11   4.5     0  -0.5  10.76985833  6.60067E-06  4.164810922  -0.00024692
    11     5     0  -0.5   10.7779181  1.60944E-05  4.623187458 -0.000278331
    12    -5     0  -0.5  11.76234884  2.97818E-06 -4.659650303  0.000266296
    12  -4.5     0  -0.5  11.76113192 -8.41791E-07 -4.198117696  0.000236587
    12    -4     0  -0.5  11.75966396 -3.86432E-06 -3.735666288  0.000207684
    12  -3.5     0  -0.5  11.75798258 -6.42723E-06 -3.272292057  0.000179574
    12    -3     0  -0.5  11.75629737 -8.60295E-06 -2.808018291  0.000152227
    12  -2.5     0  -0.5  11.75478159 -1.03995E-05 -2.342900227  0.000125588
    12    -2     0  -0.5  11.75353565 -1.18217E-05  -1.87702571  9.95808E-05
    12  -1.5     0  -0.5  11.75260149 -1.28832E-05 -1.410512783  7.41078E-05
    12    -1     0  -0.5  11.75198602 -1.36031E-05 -0.943505188  4.90531E-05
    12  -0.5     0  -0.5  11.75168101 -1.39996E-05 -0.476166604  2.42869E-05
    12     0     0  -0.5  11.75167686 -1.40851E-05 -0.008674171 -3.30555E-07
    12   0.5     0  -0.5  11.75197023 -1.38624E-05  0.458788307 -2.49436E-05
    12     1     0  -0.5  11.75256668 -1.33228E-05  0.926037294 -4.96966E-05
    12   1.5     0  -0.5  11.75347854  -1.2446E-05  1.392896439 -7.47292E-05
    12     2     0  -0.5  11.75471879 -1.12006E-05  1.859203342 -0.000100171
    12   2.5     0  -0.5   11.7562923  -9.5425E-06  2.324815953 -0.000126138
    12     3     0  -0.5  11.75819047 -7.40751E-06  2.789618207 -0.000152728
    12   3.5     0  -0.5  11.76040772 -4.68068E-06  3.253524378 -0.000180017
    12     4     0  -0.5   11.7630345 -1.10264E-06  3.716481357  -0.00020806
    12   4.5     0  -0.5  11.76657876  3.99617E-06  4.178468297 -0.000236888
    12     5     0  -0.5   11.7729242  1.24164E-05  4.639493793 -0.000266513
    13    -5     0  -0.5  12.75524366 -2.09506E-06 -4.671252212  0.000257086
    13  -4.5     0  -0.5  12.75563535 -4.93614E-06 -4.207984215  0.000228581
    13    -4     0  -0.5  12.75544706 -7.19263E-06 -3.743872526  0.000200862
    13  -3.5     0  -0.5  12.75474574 -9.18568E-06 -3.278957576  0.000173881
    13    -3     0  -0.5  12.75378188 -1.09596E-05 -2.813290156  0.000147588
    13  -2.5     0  -0.5  12.75277487 -1.24897E-05 -2.346936415  0.000121916
    13    -2     0  -0.5   12.7518711 -1.37478E-05 -1.879980147  9.67891E-05
    13  -1.5     0  -0.5  12.75115427 -1.47176E-05 -1.412522757  7.21165E-05
    13    -1     0  -0.5  12.75066592  -1.5393E-05 -0.944681455  4.77968E-05
    13  -0.5     0  -0.5  12.75042344 -1.57738E-05 -0.476586201  2.37191E-05
    13     0     0  -0.5  12.75043259  -1.5861E-05 -0.008375803 -2.34162E-07
    13   0.5     0  -0.5   12.7506947 -1.56535E-05  0.459806472 -2.41836E-05
    13     1     0  -0.5  12.75120905 -1.51465E-05  0.927817529 -4.82499E-05
    13   1.5     0  -0.5  12.75197095 -1.43315E-05  1.395519058 -7.25506E-05
    13     2     0  -0.5  12.75296627 -1.31954E-05  1.862781868 -9.71965E-05
    13   2.5     0  -0.5  12.75416382 -1.17194E-05  2.329489716 -0.000122289
    13     3     0  -0.5  12.75551203 -9.86892E-06  2.795542209 -0.000147919
    13   3.5     0  -0.5  12.75695847 -7.56175E-06  3.260856448 -0.000174164
    13     4     0  -0.5  12.75854758 -4.57034E-06  3.725366923 -0.000201089
    13   4.5     0  -0.5  12.76074841 -2.50829E-07  4.189023465 -0.000228747
    13     5     0  -0.5  12.76542233  7.18721E-06  4.651787563 -0.000257182
    14    -5     0  -0.5  13.74683288 -7.99614E-06 -4.679272107  0.000250006
    14  -4.5     0  -0.5  13.74879242 -9.95602E-06 -4.214888916  0.000222294
    14    -4     0  -0.5  13.74992603  -1.1485E-05 -3.749699721  0.000195375
    14  -3.5     0  -0.5  13.75030921 -1.28988E-05 -3.283767647  0.000169188
    14    -3     0  -0.5  13.75021057 -1.42277E-05  -2.81715856  0.000143666
    14  -2.5     0  -0.5  13.74987336 -1.54284E-05 -2.349945695  0.000118735
    14    -2     0  -0.5  13.74947011 -1.64526E-05 -1.882212162  9.43144E-05
    14  -1.5     0  -0.5  13.74910977 -1.72649E-05  -1.41405172  7.03152E-05
    14    -1     0  -0.5  13.74885569 -1.78426E-05 -0.945568136  4.66403E-05
    14  -0.5     0  -0.5  13.74874188 -1.81731E-05 -0.476873519  2.31866E-05
    14     0     0  -0.5  13.74878434 -1.82491E-05 -0.008085888  -1.5372E-07
    14   0.5     0  -0.5  13.74898745 -1.80671E-05  0.460673726 -2.34909E-05
    14     1     0  -0.5  13.74934617 -1.76251E-05  0.929284403  -4.6935E-05
    14   1.5     0  -0.5  13.74984442 -1.69222E-05  1.397628432 -7.05939E-05
    14     2     0  -0.5   13.7504502 -1.59583E-05  1.865594163 -9.45708E-05
    14   2.5     0  -0.5  13.75110945 -1.47309E-05  2.333078338 -0.000118963
    14     3     0  -0.5  13.75174442 -1.32247E-05  2.799987631  -0.00014386
    14   3.5     0  -0.5  13.75227583 -1.13773E-05  3.266239099 -0.000169342
    14     4     0  -0.5  13.75272387 -8.97947E-06  3.731759286 -0.000195484
    14   4.5     0  -0.5  13.75354002 -5.40033E-06  4.196481778 -0.000222352
    14     5     0  -0.5  13.75657979  1.14809E-06  4.660343467 -0.000250008
    15    -5     0  -0.5   14.7378499 -1.42725E-05 -4.683806597  0.000244821
    15  -4.5     0  -0.5  14.74139726 -1.54164E-05  -4.21879706  0.000217587
    15    -4     0  -0.5   14.7439097 -1.62543E-05 -3.753008515  0.000191173
    15  -3.5     0  -0.5  14.74546183 -1.71001E-05 -3.286509958  0.000165508
    15    -3     0  -0.5   14.7463295 -1.79761E-05 -2.819371205  0.000140518
    15  -2.5     0  -0.5  14.74676887 -1.88267E-05 -2.351667027  0.000116125
    15    -2     0  -0.5  14.74696838 -1.95904E-05 -1.883479456  9.22441E-05
    15  -1.5     0  -0.5  14.74705327 -2.02178E-05 -1.414898609  6.87829E-05
    15    -1     0  -0.5   14.7471017 -2.06747E-05 -0.946022335  4.56436E-05
    15  -0.5     0  -0.5  14.74715914  -2.0939E-05 -0.476954996  2.27227E-05
    15     0     0  -0.5  14.74724871 -2.09976E-05 -0.007805606  -8.6591E-08
    15   0.5     0  -0.5  14.74737691  -2.0845E-05  0.461314443 -2.28933E-05
    15     1     0  -0.5  14.74753554 -2.04811E-05  0.930293842 -4.58063E-05
    15   1.5     0  -0.5  14.74770034 -1.99111E-05   1.39902381 -6.89326E-05
    15     2     0  -0.5  14.74782683  -1.9144E-05  1.867400312 -9.23757E-05
    15   2.5     0  -0.5  14.74784523 -1.81894E-05  2.335325835 -0.000116234
    15     3     0  -0.5  14.74766048 -1.70455E-05  2.802710471 -0.000140599
    15   3.5     0  -0.5  14.74717647 -1.56636E-05  3.269472072 -0.000165556
    15     4     0  -0.5  14.74639935 -1.38469E-05   3.73553525 -0.000191185
    15   4.5     0  -0.5  14.74577193 -1.09732E-05  4.200828986 -0.000217559
    15     5     0  -0.5  14.74714866 -5.25666E-06  4.665282843 -0.000244747
    16    -5     0  -0.5  15.72883489 -2.06335E-05 -4.684745361  0.000241408
    16  -4.5     0  -0.5  15.73408003 -2.09781E-05 -4.219558039  0.000214381
    16    -4     0  -0.5  15.73808191 -2.11362E-05 -3.753618686   0.00018821
    16  -3.5     0  -0.5  15.74091089 -2.14193E-05 -3.286987323  0.000162824
    16    -3     0  -0.5  15.74284669 -2.18423E-05  -2.81972736  0.000138151
    16  -2.5     0  -0.5  15.74415531 -2.23391E-05 -2.351909301  0.000114108
    16    -2     0  -0.5  15.74503806 -2.28359E-05 -1.883612547  9.06054E-05
    16  -1.5     0  -0.5  15.74563403 -2.32716E-05 -1.414925747  6.75468E-05
    16    -1     0  -0.5  15.74603389 -2.36013E-05 -0.945946074  4.48282E-05
    16  -0.5     0  -0.5  15.74629311 -2.37946E-05 -0.476777697  2.23402E-05
    16     0     0  -0.5  15.74644094 -2.38334E-05 -0.007529704 -3.05296E-08
    16   0.5     0  -0.5  15.74648561 -2.37103E-05  0.461686317 -2.23992E-05
    16     1     0  -0.5  15.74641619  -2.3427E-05  0.930758865 -4.48809E-05
    16   1.5     0  -0.5  15.74620116 -2.29939E-05  1.399579094 -6.75892E-05
    16     2     0  -0.5   15.7457851 -2.24283E-05  1.868043189 -9.06333E-05
    16   2.5     0  -0.5  15.74508453 -2.17504E-05  2.336054358 -0.000114117
    16     3     0  -0.5  15.74398943 -2.09707E-05  2.803524218 -0.000138139
    16   3.5     0  -0.5  15.74238921 -2.00531E-05  3.270373328 -0.000162787
    16     4     0  -0.5  15.74027807 -1.88123E-05   3.73653057 -0.000188143
    16   4.5     0  -0.5  15.73809114 -1.66357E-05  4.201931041 -0.000214283
    16     5     0  -0.5  15.73767941 -1.17444E-05  4.666512076 -0.000241272
    17    -5     0  -0.5  16.72026994 -2.68686E-05 -4.681729408   0.00023978
    17  -4.5     0  -0.5  16.72743404 -2.63714E-05 -4.216851082   0.00021268
    17    -4     0  -0.5    16.733111 -2.58239E-05 -3.751247862  0.000186484
    17  -3.5     0  -0.5  16.73736897  -2.5531E-05 -3.284954808  0.000161134
    17    -3     0  -0.5  16.74049506 -2.54964E-05 -2.818018124  0.000136559
    17  -2.5     0  -0.5  16.74276883 -2.56404E-05 -2.350498265  0.000112677
    17    -2     0  -0.5  16.74440844 -2.58745E-05 -1.882470733  8.93937E-05
    17  -1.5     0  -0.5     16.74557 -2.61234E-05 -1.414025251  6.66039E-05
    17    -1     0  -0.5  16.74635945   -2.633E-05 -0.945263862   4.4193E-05
    17  -0.5     0  -0.5  16.74684398 -2.64549E-05 -0.476298318  2.20393E-05
    17     0     0  -0.5  16.74706008  -2.6474E-05 -0.007246997  1.62847E-08
    17   0.5     0  -0.5  16.74701808  -2.6378E-05  0.461768401 -2.20051E-05
    17     1     0  -0.5  16.74670374 -2.61708E-05  0.930626274  -4.4154E-05
    17   1.5     0  -0.5  16.74607717 -2.58683E-05  1.399208533 -6.65568E-05
    17     2     0  -0.5  16.74506991 -2.54972E-05  1.867403878 -8.93353E-05
    17   2.5     0  -0.5  16.74358181 -2.50901E-05  2.335110807 -0.000112604
    17     3     0  -0.5  16.74148405 -2.46721E-05  2.802240107 -0.000136469
    17   3.5     0  -0.5  16.73864699 -2.42226E-05  3.268716562 -0.000161025
    17     4     0  -0.5  16.73504743  -2.3572E-05  3.734479408 -0.000186353
    17   4.5     0  -0.5  16.73110626 -2.21228E-05  4.199480967 -0.000212524
    17     5     0  -0.5  16.72866232 -1.81121E-05  4.663682508 -0.000239594
    18    -5     0  -0.5  17.71268925 -3.27912E-05 -4.674104526  0.000240103
    18  -4.5     0  -0.5  17.72212513 -3.13387E-05 -4.210148415   0.00021259
    18    -4     0  -0.5  17.72974886 -3.00161E-05 -3.745482823  0.000186053
    18  -3.5     0  -0.5  17.73563647 -2.91118E-05 -3.280097479  0.000160455
    18    -3     0  -0.5  17.74009497  -2.8609E-05 -2.814009131  0.000135735
    18  -2.5     0  -0.5   17.7434307 -2.84057E-05 -2.347263118  0.000111811
    18    -2     0  -0.5  17.74589058 -2.83908E-05 -1.879931881  8.85824E-05
    18  -1.5     0  -0.5  17.74765797 -2.84693E-05 -1.412111605   6.5929E-05
    18    -1     0  -0.5  17.74886188 -2.85673E-05 -0.943917883  4.37191E-05
    18  -0.5     0  -0.5  17.74958677 -2.86331E-05 -0.475480908  2.18107E-05
    18     0     0  -0.5  17.74987956 -2.86353E-05 -0.006940559   5.5234E-08
    18   0.5     0  -0.5  17.74975367 -2.85619E-05  0.461558505  -2.1699E-05
    18     1     0  -0.5  17.74919039 -2.84193E-05  0.929871719 -4.36037E-05
    18   1.5     0  -0.5  17.74813795  -2.8231E-05  1.397859475 -6.58075E-05
    18     2     0  -0.5  17.74650893 -2.80363E-05  1.865392033 -8.84523E-05
    18   2.5     0  -0.5  17.74417819 -2.78846E-05  2.332354432 -0.000111671
    18     3     0  -0.5  17.74098715 -2.78216E-05  2.798651211 -0.000135581
    18   3.5     0  -0.5  17.73677372 -2.78505E-05  3.264210575 -0.000160287
    18     4     0  -0.5  17.73148221 -2.78272E-05  3.728987353 -0.000185869
    18   4.5     0  -0.5  17.72550263  -2.7181E-05  4.192963593 -0.000212387
    18     5     0  -0.5  17.72064278  -2.4181E-05  4.656144998 -0.000239876
    19    -5     0  -0.5  18.70680297 -3.81873E-05 -4.660860045  0.000242732
    19  -4.5     0  -0.5  18.71901483 -3.55808E-05 -4.198690956  0.000214334
    19    -4     0  -0.5  18.72893975 -3.33687E-05 -3.735781715  0.000187031
    19  -3.5     0  -0.5  18.73668821 -3.18024E-05 -3.272048964  0.000160823
    19    -3     0  -0.5  18.74261628 -3.08252E-05 -2.807466879  0.000135662
    19  -2.5     0  -0.5  18.74708493 -3.02951E-05 -2.342064256  0.000111465
    19    -2     0  -0.5  18.75039388 -3.00648E-05 -1.875917488  8.81145E-05
    19  -1.5     0  -0.5  18.75277288 -3.00082E-05 -1.409141744  6.54686E-05
    19    -1     0  -0.5  18.75438819 -3.00276E-05 -0.941881929  4.33662E-05
    19  -0.5     0  -0.5  18.75535113 -3.00538E-05 -0.474304189  2.16331E-05
    19     0     0  -0.5   18.7557245 -3.00453E-05 -0.006588225  8.72352E-08
    19   0.5     0  -0.5  18.75552657 -2.99866E-05   0.46107967 -2.14577E-05
    19     1     0  -0.5  18.75473228 -2.98875E-05  0.928513197 -4.31879E-05
    19   1.5     0  -0.5  18.75327221  -2.9782E-05  1.395532645 -6.52856E-05
    19     2     0  -0.5  18.75103011 -2.97264E-05   1.86197193 -8.79251E-05
    19   2.5     0  -0.5  18.74784088 -2.97949E-05  2.327686366 -0.000111268
    19     3     0  -0.5  18.74349595 -3.00651E-05  2.792561222 -0.000135456
    19   3.5     0  -0.5  18.73777497 -3.05786E-05  3.256520712 -0.000160607
    19     4     0  -0.5  18.73055876 -3.12353E-05  3.719536443 -0.000186804
    19   4.5     0  -0.5  18.72217168 -3.15142E-05  4.181633317 -0.000214094
    19     5     0  -0.5  18.71435234 -2.97443E-05  4.642889313 -0.000242475
    20    -5     0  -0.5  19.70369242 -4.27392E-05 -4.640555904  0.000248262
    20  -4.5     0  -0.5    19.719341  -3.8682E-05 -4.181495071  0.000218256
    20    -4     0  -0.5   19.7319659 -3.54347E-05 -3.721532074  0.000189571
    20  -3.5     0  -0.5  19.74177564 -3.31673E-05 -3.260475141  0.000162254
    20    -3     0  -0.5  19.74923762 -3.17437E-05 -2.798248641  0.000136274
    20  -2.5     0  -0.5  19.75482053 -3.09503E-05 -2.334876728  0.000111531
    20    -2     0  -0.5  19.75891877   -3.058E-05 -1.870462639   8.7875E-05
    20  -1.5     0  -0.5  19.76183894 -3.04596E-05 -1.405168417   6.5121E-05
    20    -1     0  -0.5  19.76380537 -3.04567E-05 -0.939197435    4.306E-05
    20  -0.5     0  -0.5  19.76496933  -3.0479E-05 -0.472780389  2.14679E-05
    20     0     0  -0.5  19.76541675 -3.04715E-05 -0.006164402  1.12682E-07
    20   0.5     0  -0.5  19.76517307 -3.04146E-05  0.460395604 -2.12417E-05
    20     1     0  -0.5   19.7642047 -3.03222E-05    0.9266444 -4.28313E-05
    20   1.5     0  -0.5  19.76241754 -3.02416E-05  1.392333993 -6.48884E-05
    20     2     0  -0.5  19.75965308 -3.02527E-05  1.857232407 -8.76372E-05
    20   2.5     0  -0.5  19.75568489 -3.04645E-05  2.321134811 -0.000111287
    20     3     0  -0.5  19.75022247  -3.1003E-05  2.783877832 -0.000136024
    20   3.5     0  -0.5  19.74294299 -3.19724E-05  3.245357253 -0.000161998
    20     4     0  -0.5  19.73360607 -3.33502E-05  3.705548227 -0.000189308
    20   4.5     0  -0.5  19.72240024 -3.47085E-05  4.164524866 -0.000217987
    20     5     0  -0.5  19.71091482 -3.44905E-05  4.622472336 -0.000247983
