   -20    -5     0  0.001555556 -20.15805673 -0.000142916 -4.580591327  0.000316664
   -20  -4.5     0  0.001555556 -20.18511278 -0.000154769 -4.129011266  0.000280159
   -20    -4     0  0.001555556 -20.20274622 -0.000163483 -3.676199815  0.000244558
   -20  -3.5     0  0.001555556 -20.21466284 -0.000169897 -3.221821502  0.000210123
   -20    -3     0  0.001555556 -20.22280904 -0.000174544 -2.765718609  0.000176976
   -20  -2.5     0  0.001555556  -20.2283516 -0.000177835 -2.307889088   0.00014512
   -20    -2     0  0.001555556 -20.23206067 -0.000180096 -1.848458469  0.000114465
   -20  -1.5     0  0.001555556 -20.23447078 -0.000181593 -1.387649722  8.48414E-05
   -20    -1     0  0.001555556 -20.23595441 -0.000182525 -0.925755444  5.60322E-05
   -20  -0.5     0  0.001555556 -20.23675897 -0.000183037 -0.463114551  2.77832E-05
   -20     0     0  0.001555556 -20.23702714 -0.000183211 -9.37083E-05 -1.80753E-07
   -20   0.5     0  0.001555556 -20.23680737 -0.000183079  0.462927527 -2.81442E-05
   -20     1     0  0.001555556 -20.23605755 -0.000182615  0.925569573 -5.63919E-05
   -20   1.5     0  0.001555556 -20.23464233 -0.000181739  1.387465684 -8.51989E-05
   -20     2     0  0.001555556 -20.23232343 -0.000180316  1.848276794 -0.000114819
   -20   2.5     0  0.001555556 -20.22873887 -0.000178152  2.307710071 -0.000145471
   -20     3     0  0.001555556 -20.22336154 -0.000174988  2.765542191 -0.000177323
   -20   3.5     0  0.001555556 -20.21540952 -0.000170489  3.221647203 -0.000210466
   -20     4     0  0.001555556 -20.20363682   -0.0001642  3.676026939 -0.000244897
   -20   4.5     0  0.001555556  -20.1858167 -0.000155416  4.128840471 -0.000280492
   -20     5     0  0.001555556 -20.15741464 -0.000142806  4.580430412 -0.000316982
   -19    -5     0  0.001555556 -19.13647663 -0.000126861 -4.604948951  0.000298416
   -19  -4.5     0  0.001555556 -19.16096905 -0.000136696 -4.149304765  0.000264952
   -19    -4     0  0.001555556 -19.17698407 -0.000144167 -3.692584662  0.000232278
   -19  -3.5     0  0.001555556 -19.18805048 -0.000149941 -3.234663008  0.000200497
   -19    -3     0  0.001555556 -19.19591461 -0.000154386 -2.775494154  0.000169647
   -19  -2.5     0  0.001555556 -19.20154915 -0.000157757 -2.315107782  0.000139708
   -19    -2     0  0.001555556 -19.20555458 -0.000160253 -1.853601824  0.000110607
   -19  -1.5     0  0.001555556 -19.20832866 -0.000162033 -1.391132206  8.22287E-05
   -19    -1     0  0.001555556 -19.21014159  -0.00016322 -0.927900842  5.44214E-05
   -19  -0.5     0  0.001555556 -19.21117116 -0.000163905 -0.464143293  2.70087E-05
   -19     0     0  0.001555556 -19.21151983 -0.000164142 -0.000116931 -2.02188E-07
   -19   0.5     0  0.001555556 -19.21122295  -0.00016395  0.463910192 -2.74125E-05
   -19     1     0  0.001555556 -19.21025139 -0.000163315  0.927669983 -5.48233E-05
   -19   1.5     0  0.001555556 -19.20850998 -0.000162186  1.390904971 -8.26276E-05
   -19     2     0  0.001555556 -19.20582994 -0.000160482  1.853379408 -0.000111002
   -19   2.5     0  0.001555556 -19.20195146 -0.000158085  2.314891105 -0.000140098
   -19     3     0  0.001555556 -19.19648403 -0.000154842  2.775283751 -0.000170032
   -19   3.5     0  0.001555556 -19.18881526 -0.000150548  3.234458971 -0.000200876
   -19     4     0  0.001555556 -19.17789297   -0.0001449  3.692386842  -0.00023265
   -19   4.5     0  0.001555556  -19.1616899 -0.000137356   4.14911391 -0.000265316
   -19     5     0  0.001555556 -19.13584684  -0.00012675  4.604770907 -0.000298763
   -18    -5     0  0.001555556 -18.11713237 -0.000112507 -4.623888791   0.00028417
   -18  -4.5     0  0.001555556 -18.13948435 -0.000120652 -4.165680085  0.000252628
   -18    -4     0  0.001555556 -18.15392031 -0.000126903 -3.706392492  0.000221882
   -18  -3.5     0  0.001555556 -18.16389831 -0.000131847 -3.246023391   0.00019194
   -18    -3     0  0.001555556 -18.17107454 -0.000135774 -2.784606543   0.00016278
   -18  -2.5     0  0.001555556  -18.1763245 -0.000138858 -2.322210879  0.000134352
   -18    -2     0  0.001555556 -18.18015529 -0.000141226 -1.858939459   0.00010658
   -18  -1.5     0  0.001555556 -18.18288266 -0.000142974 -1.394926576  7.93641E-05
   -18    -1     0  0.001555556 -18.18471083 -0.000144176 -0.930333068  5.25835E-05
   -18  -0.5     0  0.001555556 -18.18576978 -0.000144885 -0.465340374  2.61023E-05
   -18     0     0  0.001555556 -18.18613319 -0.000145133 -0.000143927 -2.26125E-07
   -18   0.5     0  0.001555556 -18.18582671 -0.000144933   0.46505378 -2.65537E-05
   -18     1     0  0.001555556 -18.18483082 -0.000144277  0.930050211 -5.30323E-05
   -18   1.5     0  0.001555556 -18.18307895 -0.000143137   1.39464981 -7.98087E-05
   -18     2     0  0.001555556 -18.18045005 -0.000141468  1.858670916 -0.000107019
   -18   2.5     0  0.001555556 -18.17675012 -0.000139202   2.32195237 -0.000134784
   -18     3     0  0.001555556 -18.17167053 -0.000136248  2.784359449 -0.000163203
   -18   3.5     0  0.001555556 -18.16469209 -0.000132475  3.245788589 -0.000192354
   -18     4     0  0.001555556  -18.1548595 -0.000127657   3.70617048 -0.000222287
   -18   4.5     0  0.001555556 -18.14023513 -0.000121332  4.165471805 -0.000253022
   -18     5     0  0.001555556 -18.11652915 -0.000112406  4.623698622 -0.000284545
   -17    -5     0  0.001555556 -17.09916386 -9.91929E-05 -4.638561293   0.00027311
   -17  -4.5     0  0.001555556 -17.11977168 -0.000105959  -4.17866672  0.000242831
   -17    -4     0  0.001555556 -17.13281417 -0.000111133 -3.717642999  0.000213389
   -17  -3.5     0  0.001555556 -17.14172002 -0.000115258 -3.255557694  0.000184738
   -17    -3     0  0.001555556 -17.14810444 -0.000118584 -2.792494351  0.000156818
   -17  -2.5     0  0.001555556 -17.15279511 -0.000121246 -2.328551895  0.000129556
   -17    -2     0  0.001555556  -17.1562499 -0.000123331 -1.863845151  0.000102868
   -17  -1.5     0  0.001555556 -17.15873877 -0.000124901 -1.398504512  7.66551E-05
   -17    -1     0  0.001555556 -17.16042713 -0.000125998 -0.932674385  5.08095E-05
   -17  -0.5     0  0.001555556 -17.16141578 -0.000126653 -0.466510582  2.52142E-05
   -17     0     0  0.001555556 -17.16176031 -0.000126887 -0.000176916 -2.53624E-07
   -17   0.5     0  0.001555556 -17.16148023 -0.000126706  0.466158654 -2.57203E-05
   -17     1     0  0.001555556 -17.16056198 -0.000126107  0.932328122 -5.13121E-05
   -17   1.5     0  0.001555556 -17.15895696 -0.000125077  1.398167521 -7.71519E-05
   -17     2     0  0.001555556 -17.15657313  -0.00012359  1.863520782 -0.000103357
   -17   2.5     0  0.001555556 -17.15325512  -0.00012161  2.328243123 -0.000130036
   -17     3     0  0.001555556  -17.1487399 -0.000119082  2.792203646 -0.000157286
   -17   3.5     0  0.001555556 -17.14255734 -0.000115913  3.255286919 -0.000185193
   -17     4     0  0.001555556 -17.13379963 -0.000111916  3.717393454  -0.00021383
   -17   4.5     0  0.001555556 -17.12056964 -0.000106669  4.178439688 -0.000243256
   -17     5     0  0.001555556 -17.09860565 -9.91139E-05  4.638360155 -0.000273514
   -16    -5     0  0.001555556 -16.08214434 -8.65902E-05  -4.64985793  0.000264582
   -16  -4.5     0  0.001555556 -16.10134243 -9.22449E-05 -4.188828503  0.000235152
   -16    -4     0  0.001555556 -16.11320902  -9.6511E-05 -3.726609438  0.000206607
   -16  -3.5     0  0.001555556 -16.12115972  -9.9907E-05  -3.26330815  0.000178871
   -16    -3     0  0.001555556 -16.12679037 -0.000102661 -2.799038074  0.000151861
   -16  -2.5     0  0.001555556 -16.13090463 -0.000104888 -2.333918367  0.000125489
   -16    -2     0  0.001555556 -16.13393442 -0.000106653 -1.868074819  9.96605E-05
   -16  -1.5     0  0.001555556 -16.13612451 -0.000107997 -1.401640394  7.42759E-05
   -16    -1     0  0.001555556 -16.13761828 -0.000108948 -0.934754974  4.92303E-05
   -16  -0.5     0  0.001555556 -16.13849948 -0.000109522 -0.467564361   2.4414E-05
   -16     0     0  0.001555556 -16.13881293 -0.000109731 -0.000218654 -2.85971E-07
   -16   0.5     0  0.001555556 -16.13857444  -0.00010958   0.46712977 -2.49844E-05
   -16     1     0  0.001555556 -16.13777397 -0.000109069  0.934328478 -4.97961E-05
   -16   1.5     0  0.001555556 -16.13637348  -0.00010819    1.4012272  -7.4834E-05
   -16     2     0  0.001555556 -16.13429776 -0.000106934  1.867679837 -0.000100208
   -16   2.5     0  0.001555556 -16.13141328 -0.000105279  2.333546063 -0.000126023
   -16     3     0  0.001555556 -16.12748197 -0.000103191  2.798692329  -0.00015238
   -16   3.5     0  0.001555556 -16.12205937 -0.000100598  3.262992111 -0.000179372
   -16     4     0  0.001555556  -16.1142614 -9.73332E-05  3.726325464 -0.000207089
   -16   4.5     0  0.001555556 -16.10220973  -9.2994E-05  4.188578478 -0.000235612
   -16     5     0  0.001555556 -16.08165477  -8.6546E-05  4.649644699 -0.000265016
   -15    -5     0  0.001555556 -15.06581574 -7.44993E-05 -4.658468345  0.000258067
   -15  -4.5     0  0.001555556 -15.08388125 -7.92658E-05 -4.196679965  0.000229203
   -15    -4     0  0.001555556 -15.09478426 -8.27919E-05  -3.73364155  0.000201273
   -15  -3.5     0  0.001555556 -15.10193293 -8.55787E-05 -3.269482724  0.000174183
   -15    -3     0  0.001555556 -15.10691225  -8.7841E-05 -2.804334402  0.000147837
   -15  -2.5     0  0.001555556 -15.11051224 -8.96813E-05 -2.338328896  0.000122136
   -15    -2     0  0.001555556 -15.11314985 -9.11523E-05 -1.871600945  9.69786E-05
   -15  -1.5     0  0.001555556 -15.11505495 -9.22831E-05 -1.404288482  7.22616E-05
   -15    -1     0  0.001555556 -15.11635773 -9.30903E-05 -0.936532884  4.78783E-05
   -15  -0.5     0  0.001555556 -15.11713161 -9.35837E-05 -0.468478634  2.37198E-05
   -15     0     0  0.001555556 -15.11741484 -9.37691E-05 -0.000272555 -3.24732E-07
   -15   0.5     0  0.001555556 -15.11722085 -9.36496E-05  0.467937248 -2.43673E-05
   -15     1     0  0.001555556 -15.11654175 -9.32263E-05  0.936002616 -4.85197E-05
   -15   1.5     0  0.001555556 -15.11534584 -9.24986E-05  1.403776541 -7.28929E-05
   -15     2     0  0.001555556 -15.11356805 -9.14626E-05  1.871114223 -9.75961E-05
   -15   2.5     0  0.001555556 -15.11108774 -9.01089E-05  2.337873807 -0.000122736
   -15     3     0  0.001555556  -15.1076814 -8.84136E-05  2.803916689 -0.000148417
   -15   3.5     0  0.001555556 -15.10291926 -8.63167E-05  3.269107266 -0.000174739
   -15     4     0  0.001555556 -15.09593039 -8.36657E-05  3.733312202 -0.000201803
   -15   4.5     0  0.001555556 -15.08484682 -8.00687E-05  4.196399644 -0.000229704
   -15     5     0  0.001555556 -15.06542549  -7.4506E-05  4.658239898 -0.000258535
   -14    -5     0  0.001555556 -14.04996385  -6.2755E-05 -4.664939372  0.000253148
   -14  -4.5     0  0.001555556  -14.0671323 -6.68257E-05 -4.202677216  0.000224636
   -14    -4     0  0.001555556 -14.07727304 -6.97724E-05 -3.739103717  0.000197107
   -14  -3.5     0  0.001555556 -14.08378689 -7.20825E-05 -3.274359846   0.00017046
   -14    -3     0  0.001555556 -14.08824955 -7.39597E-05 -2.808586363  0.000144588
   -14  -2.5     0  0.001555556 -14.09144031 -7.54965E-05 -2.341924344  0.000119387
   -14    -2     0  0.001555556 -14.09376464 -7.67359E-05 -1.874516186  9.47491E-05
   -14  -1.5     0  0.001555556  -14.0954415 -7.76982E-05  -1.40650631  7.05661E-05
   -14    -1     0  0.001555556 -14.09659151 -7.83923E-05 -0.938041376   4.6727E-05
   -14  -0.5     0  0.001555556 -14.09728066 -7.88223E-05  -0.46927011   2.3119E-05
   -14     0     0  0.001555556 -14.09754248 -7.89902E-05 -0.000342788  -3.7181E-07
   -14   0.5     0  0.001555556 -14.09738875 -7.88979E-05  0.468589468   -2.386E-05
   -14     1     0  0.001555556 -14.09681305 -7.85478E-05  0.937375485 -4.74601E-05
   -14   1.5     0  0.001555556 -14.09578816 -7.79426E-05  1.405864839 -7.12864E-05
   -14     2     0  0.001555556 -14.09425616 -7.70843E-05   1.87390853 -9.54514E-05
   -14   2.5     0  0.001555556 -14.09210565 -7.59708E-05  2.341359444 -0.000120066
   -14     3     0  0.001555556 -14.08912368  -7.4587E-05  2.808072484  -0.00014524
   -14   3.5     0  0.001555556 -14.08489138 -7.28824E-05  3.273904295 -0.000171081
   -14     4     0  0.001555556 -14.07854811 -7.07141E-05   3.73871257 -0.000197694
   -14   4.5     0  0.001555556 -14.06823441 -6.77001E-05  4.202355151 -0.000225185
   -14     5     0  0.001555556 -14.04971365 -6.28327E-05  4.664690019 -0.000253655
   -13    -5     0  0.001555556 -13.03435002 -5.11727E-05  -4.66972868  0.000249469
   -13  -4.5     0  0.001555556 -13.05083682 -5.47259E-05 -4.207239454  0.000221122
   -13    -4     0  0.001555556 -13.06041668 -5.72561E-05 -3.743368482  0.000193817
   -13  -3.5     0  0.001555556 -13.06647893  -5.9236E-05 -3.278260771  0.000167446
   -13    -3     0  0.001555556  -13.0705866 -6.08571E-05 -2.812062451  0.000141901
   -13  -2.5     0  0.001555556 -13.07350585 -6.22002E-05 -2.344921513  0.000117069
   -13    -2     0  0.001555556 -13.07562965 -6.32979E-05 -1.876988461  9.28382E-05
   -13  -1.5     0  0.001555556 -13.07716575 -6.41613E-05 -1.408416518   6.9092E-05
   -13    -1     0  0.001555556 -13.07822555 -6.47921E-05 -0.939361417  4.57121E-05
   -13  -0.5     0  0.001555556 -13.07886822 -6.51888E-05 -0.469980937  2.25787E-05
   -13     0     0  0.001555556 -13.07912308 -6.53501E-05 -0.000434268 -4.29477E-07
   -13   0.5     0  0.001555556  -13.0790005 -6.52768E-05  0.469118684 -2.34344E-05
   -13     1     0  0.001555556 -13.07849537 -6.49723E-05   0.93851801 -4.65579E-05
   -13   1.5     0  0.001555556 -13.07758458 -6.44425E-05  1.407604501 -6.99213E-05
   -13     2     0  0.001555556 -13.07621676 -6.36949E-05  1.876220292 -9.36448E-05
   -13   2.5     0  0.001555556 -13.07428942 -6.27346E-05  2.344209405 -0.000117847
   -13     3     0  0.001555556 -13.07160023 -6.15553E-05  2.811418123 -0.000142643
   -13   3.5     0  0.001555556 -13.06774224 -6.01165E-05  3.277695072 -0.000168148
   -13     4     0  0.001555556 -13.06186698 -5.82865E-05  3.742890924 -0.000194474
   -13   4.5     0  0.001555556 -13.05212671 -5.56949E-05  4.206857762 -0.000221729
   -13     5     0  0.001555556 -13.03429504 -5.13468E-05  4.669448547 -0.000250021
   -12    -5     0  0.001555556 -12.01865967 -3.95085E-05 -4.673262533  0.000246688
   -12  -4.5     0  0.001555556 -12.03469156 -4.27339E-05  -4.21079346   0.00021832
   -12    -4     0  0.001555556 -12.04393851 -4.50338E-05 -3.746846194  0.000191073
   -12  -3.5     0  0.001555556 -12.04976866 -4.68611E-05 -3.281564928  0.000164839
   -12    -3     0  0.001555556 -12.05372361 -4.83888E-05 -2.815099947  0.000139505
   -12  -2.5     0  0.001555556 -12.05654965 -4.96813E-05 -2.347607782  0.000114952
   -12    -2     0  0.001555556 -12.05862254 -5.07573E-05 -1.879250631  9.10589E-05
   -12  -1.5     0  0.001555556 -12.06013609 -5.16167E-05 -1.410195296  6.76976E-05
   -12    -1     0  0.001555556 -12.06119118 -5.22526E-05 -0.940611969  4.47387E-05
   -12  -0.5     0  0.001555556 -12.06183972 -5.26577E-05 -0.470673084  2.20504E-05
   -12     0     0  0.001555556  -12.0621069 -5.28274E-05 -0.000552367 -5.00334E-07
   -12   0.5     0  0.001555556  -12.0620018 -5.27611E-05  0.469575934  -2.3047E-05
   -12     1     0  0.001555556 -12.06152081 -5.24635E-05  0.939537677 -4.57232E-05
   -12   1.5     0  0.001555556 -12.06064512  -5.1944E-05  1.409159443 -6.86619E-05
   -12     2     0  0.001555556 -12.05933056 -5.12156E-05  1.878269201 -9.19948E-05
   -12   2.5     0  0.001555556 -12.05748484  -5.0292E-05  2.346697126 -0.000115852
   -12     3     0  0.001555556   -12.054919 -4.91777E-05  2.814276542  -0.00014036
   -12   3.5     0  0.001555556 -12.05124223 -4.78458E-05  3.280844904 -0.000165642
   -12     4     0  0.001555556 -12.04562469 -4.61802E-05  3.746244628 -0.000191816
   -12   4.5     0  0.001555556 -12.03623835 -4.38281E-05   4.21032346 -0.000218997
   -12     5     0  0.001555556 -12.01887609 -3.98126E-05  4.672934275 -0.000247293
   -11    -5     0  0.001555556  -11.0024447 -2.74149E-05 -4.676017996   0.00024441
   -11  -4.5     0  0.001555556 -11.01831325 -3.05574E-05 -4.213852044  0.000215811
   -11    -4     0  0.001555556 -11.02753152 -3.28764E-05 -3.750052621  0.000188457
   -11  -3.5     0  0.001555556 -11.03342681 -3.47923E-05 -3.284762599  0.000162241
   -11    -3     0  0.001555556 -11.03750326 -3.64481E-05 -2.818141665  0.000137042
   -11  -2.5     0  0.001555556 -11.04047596 -3.78834E-05 -2.350363447  0.000112729
   -11    -2     0  0.001555556 -11.04269682 -3.90982E-05 -1.881611606  8.91611E-05
   -11  -1.5     0  0.001555556 -11.04434271 -4.00786E-05 -1.412076027  6.61942E-05
   -11    -1     0  0.001555556 -11.04550344 -4.08088E-05 -0.941949765  4.36799E-05
   -11  -0.5     0  0.001555556 -11.04622432  -4.1276E-05  -0.47142701  2.14693E-05
   -11     0     0  0.001555556 -11.04652729 -4.14727E-05 -0.000701992 -5.87109E-07
   -11   0.5     0  0.001555556  -11.0464208 -4.13978E-05  0.470031407 -2.26388E-05
   -11     1     0  0.001555556 -11.04590281 -4.10566E-05  0.940579641 -4.48352E-05
   -11   1.5     0  0.001555556 -11.04495848 -4.04618E-05  1.410749449 -6.73254E-05
   -11     2     0  0.001555556 -11.04355069 -3.96319E-05  1.880348109 -9.02583E-05
   -11   2.5     0  0.001555556 -11.04159828 -3.85893E-05  2.349184304 -0.000113781
   -11     3     0  0.001555556  -11.0389286 -3.73519E-05  2.817069825 -0.000138039
   -11   3.5     0  0.001555556 -11.03517342 -3.59112E-05  3.283822199 -0.000163171
   -11     4     0  0.001555556  -11.0295319 -3.41747E-05  3.749267958  -0.00018931
   -11   4.5     0  0.001555556 -11.02021063 -3.18181E-05  4.213246032 -0.000216576
   -11     5     0  0.001555556 -11.00303974 -2.78951E-05  4.675610078 -0.000245079
   -10    -5     0  0.001555556  -9.98504583 -1.43841E-05 -4.678672506  0.000242069
   -10  -4.5     0  0.001555556 -10.00121213 -1.78272E-05 -4.217159402  0.000212979
   -10    -4     0  0.001555556 -10.01087442 -2.05509E-05 -3.753733342  0.000185357
   -10  -3.5     0  0.001555556 -10.01728126 -2.29164E-05  -3.28854964  0.000159084
   -10    -3     0  0.001555556 -10.02187355 -2.50184E-05 -2.821799668  0.000134014
   -10  -2.5     0  0.001555556 -10.02532185  -2.6862E-05 -2.353698451  0.000109983
   -10    -2     0  0.001555556 -10.02795049 -2.84254E-05 -1.884472927  8.68178E-05
   -10  -1.5     0  0.001555556 -10.02992194 -2.96834E-05 -1.414353193  6.43412E-05
   -10    -1     0  0.001555556 -10.03132023 -3.06154E-05 -0.943567157  4.23782E-05
   -10  -0.5     0  0.001555556  -10.0321898 -3.12075E-05 -0.472338269  2.07569E-05
   -10     0     0  0.001555556 -10.03255371 -3.14526E-05 -0.000885531 -6.92134E-07
   -10   0.5     0  0.001555556 -10.03242166   -3.135E-05  0.470575005  -2.2136E-05
   -10     1     0  0.001555556 -10.03179252 -3.09054E-05  0.941828017 -4.37419E-05
   -10   1.5     0  0.001555556 -10.03065235 -3.01314E-05  1.412656638 -6.56781E-05
   -10     2     0  0.001555556 -10.02896653 -2.90483E-05  1.882840837 -8.81159E-05
   -10   2.5     0  0.001555556 -10.02666055 -2.76832E-05  2.352157124 -0.000111229
   -10     3     0  0.001555556 -10.02357619 -2.60654E-05  2.820380378 -0.000135193
   -10   3.5     0  0.001555556 -10.01937132 -2.42069E-05  3.287288466 -0.000160179
   -10     4     0  0.001555556 -10.01328654 -2.20484E-05  3.752670058 -0.000186352
   -10   4.5     0  0.001555556 -10.00358664 -1.93115E-05  4.216335084 -0.000213857
   -10     5     0  0.001555556 -9.986173577 -1.51058E-05  4.678125699 -0.000242814
    -9    -5     0  0.001555556 -8.965501568  3.12437E-07 -4.682424665  0.000238656
    -9  -4.5     0  0.001555556 -8.982818963  -4.1291E-06 -4.221975978  0.000208786
    -9    -4     0  0.001555556 -8.993736918 -7.91156E-06 -3.759079516  0.000180801
    -9  -3.5     0  0.001555556 -9.001358828 -1.12906E-05 -3.293965737  0.000154524
    -9    -3     0  0.001555556 -9.007033407 -1.42923E-05 -2.826925295   0.00012973
    -9  -2.5     0  0.001555556 -9.011386014  -1.6888E-05 -2.358272188   0.00010618
    -9    -2     0  0.001555556 -9.014729156 -1.90473E-05 -1.888318084  8.36343E-05
    -9  -1.5     0  0.001555556 -9.017232951  -2.0751E-05 -1.417358479  6.18659E-05
    -9    -1     0  0.001555556 -9.018997457 -2.19909E-05 -0.945667958  4.06639E-05
    -9  -0.5     0  0.001555556 -9.020083731 -2.27657E-05 -0.473501456  1.98317E-05
    -9     0     0  0.001555556 -9.020527265 -2.30775E-05 -0.001098976 -8.16277E-07
    -9   0.5     0  0.001555556 -9.020343573 -2.29295E-05  0.471307921 -2.14594E-05
    -9     1     0  0.001555556 -9.019529873 -2.23249E-05  0.943488947 -4.22768E-05
    -9   1.5     0  0.001555556 -9.018063834 -2.12686E-05  1.415207912 -6.34524E-05
    -9     2     0  0.001555556 -9.015898046 -1.97693E-05  1.886216265 -8.51806E-05
    -9   2.5     0  0.001555556 -9.012945228 -1.78428E-05  2.356248293  -0.00010767
    -9     3     0  0.001555556 -9.009041462 -1.55124E-05  2.825019546 -0.000131143
    -9   3.5     0  0.001555556 -9.003856345 -1.27979E-05  3.292230767 -0.000155835
    -9     4     0  0.001555556 -8.996672247 -9.67169E-06  3.757580264 -0.000181983
    -9   4.5     0  0.001555556 -8.985838193 -5.91973E-06  4.220787084 -0.000209809
    -9     5     0  0.001555556 -8.967388056 -7.50389E-07  4.681624396  -0.00023949
    -8    -5     0  0.001555556 -7.942563236  1.75762E-05 -4.689747509  0.000232115
    -8  -4.5     0  0.001555556 -7.962758546  1.07554E-05 -4.230636012  0.000201326
    -8    -4     0  0.001555556 -7.976361717  4.78302E-06 -3.768053196  0.000173203
    -8  -3.5     0  0.001555556 -7.986262067 -4.48257E-07 -3.302520815  0.000147344
    -8    -3     0  0.001555556 -7.993741049 -4.91946E-06 -2.834598922   0.00012332
    -8  -2.5     0  0.001555556 -7.999447609 -8.62322E-06 -2.364808807  0.000100733
    -8    -2     0  0.001555556 -8.003760043 -1.15817E-05 -1.893601837  7.92394E-05
    -8  -1.5     0  0.001555556 -8.006924213 -1.38353E-05 -1.421356368  5.85487E-05
    -8    -1     0  0.001555556 -8.009108144 -1.54293E-05  -0.94838817   3.8419E-05
    -8  -0.5     0  0.001555556 -8.010424832 -1.64031E-05 -0.474965668  1.86444E-05
    -8     0     0  0.001555556  -8.01094266 -1.67841E-05 -0.001325871 -9.57082E-07
    -8   0.5     0  0.001555556 -8.010690221 -1.65848E-05  0.472310426 -2.05553E-05
    -8     1     0  0.001555556 -8.009658095 -1.58017E-05  0.945724182 -4.03195E-05
    -8   1.5     0  0.001555556 -8.007797899 -1.44172E-05  1.418683828  -6.0429E-05
    -8     2     0  0.001555556 -8.005017649 -1.24018E-05  1.890930567 -8.10859E-05
    -8   2.5     0  0.001555556 -8.001169945  -9.7205E-06  2.362163166 -0.000102526
    -8     3     0  0.001555556 -7.996022752  -6.3387E-06  2.832023415 -0.000125032
    -8   3.5     0  0.001555556 -7.989185634 -2.22436E-06   3.30008592 -0.000148938
    -8     4     0  0.001555556 -7.979918317  2.67391E-06  3.765860196 -0.000174634
    -8   4.5     0  0.001555556 -7.966628919  8.53182E-06  4.228818501 -0.000202536
    -8     5     0  0.001555556 -7.945542848  1.60061E-05  4.688465772 -0.000233041
    -7    -5     0  0.001555556 -6.915519971  3.77295E-05 -4.706162558  0.000217946
    -7  -4.5     0  0.001555556 -6.942067109  2.58385E-05 -4.247453326  0.000187144
    -7    -4     0  0.001555556 -6.960598754  1.59535E-05 -3.783603514   0.00016022
    -7  -3.5     0  0.001555556 -6.974011037  7.92865E-06  -3.31600255  0.000136129
    -7    -3     0  0.001555556 -6.983837016   1.5792E-06 -2.845764814  0.000114037
    -7  -2.5     0  0.001555556 -6.991028994 -3.32471E-06 -2.373709201  9.33272E-05
    -7    -2     0  0.001555556 -6.996232851  -7.0139E-06  -1.90041531  7.35611E-05
    -7  -1.5     0  0.001555556 -6.999900332 -9.69021E-06 -1.426291042  5.44303E-05
    -7    -1     0  0.001555556 -7.002344887 -1.15133E-05 -0.951629248  3.57136E-05
    -7  -0.5     0  0.001555556 -7.003774178 -1.25977E-05 -0.476649884  1.72456E-05
    -7     0     0  0.001555556 -7.004310279 -1.30132E-05 -0.001530293 -1.10609E-06
    -7   0.5     0  0.001555556 -7.004001313 -1.27873E-05  0.473572324 -1.94581E-05
    -7     1     0  0.001555556 -7.002825963 -1.19058E-05  0.948502439 -3.79258E-05
    -7   1.5     0  0.001555556 -7.000691036 -1.03128E-05  1.423088158 -5.66382E-05
    -7     2     0  0.001555556 -6.997421312 -7.90933E-06  1.897120085 -7.57542E-05
    -7   2.5     0  0.001555556 -6.992738928 -4.55149E-06  2.370323313  -9.5485E-05
    -7     3     0  0.001555556 -6.986225044 -4.98536E-08  2.842318581 -0.000116125
    -7   3.5     0  0.001555556 -6.977243885  5.83059E-06  3.312569697 -0.000138093
    -7     4     0  0.001555556 -6.964773268  1.33762E-05  3.780320018  -0.00016198
    -7   4.5     0  0.001555556 -6.946980417  2.29728E-05  4.244538106  -0.00018859
    -7     5     0  0.001555556 -6.920065056  3.53401E-05  4.703932631  -0.00021893
    -6    -5     0  0.001555556 -5.889230988  5.63461E-05 -4.743283686  0.000186977
    -6  -4.5     0  0.001555556 -5.927296317  3.56601E-05  -4.27874082  0.000161352
    -6    -4     0  0.001555556 -5.952427897  2.07245E-05  -3.80838633  0.000139839
    -6  -3.5     0  0.001555556 -5.969260228  1.00673E-05 -3.334960542  0.000120509
    -6    -3     0  0.001555556 -5.980630438  2.52144E-06 -2.859942086   0.00010231
    -6  -2.5     0  0.001555556 -5.988337395 -2.78519E-06 -2.384105814  8.46848E-05
    -6    -2     0  0.001555556 -5.993541431 -6.47846E-06 -1.907853497  6.73431E-05
    -6  -1.5     0  0.001555556 -5.996995547 -8.99495E-06 -1.431393555  5.01369E-05
    -6    -1     0  0.001555556 -5.999184352 -1.06301E-05 -0.954836165  3.29917E-05
    -6  -0.5     0  0.001555556  -6.00040888 -1.15738E-05 -0.478243095  1.58704E-05
    -6     0     0  0.001555556 -6.000837397 -1.19345E-05 -0.001653637 -1.24603E-06
    -6   0.5     0  0.001555556 -6.000533258 -1.17526E-05   0.47490166 -1.83686E-05
    -6     1     0  0.001555556  -5.99946506 -1.10062E-05  0.951392649 -3.55071E-05
    -6   1.5     0  0.001555556 -5.997500815 -9.60765E-06  1.427781826  -5.2676E-05
    -6     2     0  0.001555556 -5.994384239 -7.39074E-06    1.9040125 -6.99044E-05
    -6   2.5     0  0.001555556 -5.989686848 -4.08762E-06  2.379986554 -8.72525E-05
    -6     3     0  0.001555556 -5.982721705  7.10087E-07  2.855520914 -0.000104846
    -6   3.5     0  0.001555556 -5.972389366  7.61216E-06  3.330262746 -0.000122938
    -6     4     0  0.001555556 -5.956893632  1.75245E-05   3.80352597 -0.000142033
    -6   4.5     0  0.001555556 -5.933189405  3.17992E-05  4.273985424   -0.0001631
    -6     5     0  0.001555556 -5.895823024  5.24952E-05  4.739154186 -0.000187942
    -5    -5     0  0.001555556 -4.892606899  5.01093E-05 -4.812399311  0.000131197
    -5  -4.5     0  0.001555556 -4.937848164  2.48496E-05 -4.323999076  0.000124779
    -5    -4     0  0.001555556 -4.963524443  9.85777E-06 -3.838068196  0.000115698
    -5  -3.5     0  0.001555556 -4.978569365  7.55533E-07 -3.354524905  0.000104466
    -5    -3     0  0.001555556 -4.987554037 -4.83409E-06 -2.872884562  9.16007E-05
    -5  -2.5     0  0.001555556 -4.992968702 -8.28066E-06 -2.392661417  7.75348E-05
    -5    -2     0  0.001555556  -4.99623147 -1.04022E-05 -1.913454131  6.26066E-05
    -5  -1.5     0  0.001555556 -4.998171403 -1.16958E-05 -1.434952422  4.70764E-05
    -5    -1     0  0.001555556 -4.999276948 -1.24641E-05 -0.956923264  3.11425E-05
    -5  -0.5     0  0.001555556  -4.99983022 -1.28866E-05 -0.479192201  1.49588E-05
    -5     0     0  0.001555556 -4.999980773 -1.30612E-05 -0.001624089 -1.34994E-06
    -5   0.5     0  0.001555556 -4.999783667 -1.30261E-05  0.475895691 -1.76727E-05
    -5     1     0  0.001555556 -4.999213191 -1.27676E-05   0.95347973 -3.38972E-05
    -5   1.5     0  0.001555556 -4.998155755 -1.22155E-05  1.431257483 -4.98947E-05
    -5     2     0  0.001555556 -4.996379051 -1.12257E-05  1.909395452 -6.55032E-05
    -5   2.5     0  0.001555556 -4.993466166 -9.54148E-06  2.388119469 -8.05083E-05
    -5     3     0  0.001555556 -4.988687973 -6.72345E-06  2.867739405  -9.4621E-05
    -5   3.5     0  0.001555556 -4.980753457 -2.01642E-06  3.348674328 -0.000107451
    -5     4     0  0.001555556 -4.967297136   5.9119E-06  3.831467069 -0.000118476
    -5   4.5     0  0.001555556 -4.943759407  1.95216E-05  4.316739682 -0.000127014
    -5     5     0  0.001555556 -4.900779834    4.365E-05  4.804881559 -0.000132253
    -4    -5     0  0.001555556 -3.974145079 -1.68378E-05 -4.864336452  9.00183E-05
    -4  -4.5     0  0.001555556 -3.991229429 -1.96565E-05 -4.350716154  0.000103149
    -4    -4     0  0.001555556 -3.999232112 -2.06565E-05  -3.85198279  0.000104197
    -4  -3.5     0  0.001555556 -4.002462449 -2.03637E-05 -3.361601443  9.84771E-05
    -4    -3     0  0.001555556 -4.003296341 -1.94181E-05 -2.876261685  8.86471E-05
    -4  -2.5     0  0.001555556 -4.003020091 -1.82599E-05 -2.394066828   7.6223E-05
    -4    -2     0  0.001555556 -4.002318582 -1.71465E-05 -1.913853593  6.21388E-05
    -4  -1.5     0  0.001555556 -4.001546909 -1.62141E-05 -1.434883298  4.69955E-05
    -4    -1     0  0.001555556 -4.000882007 -1.55283E-05 -0.956677552  3.11908E-05
    -4  -0.5     0  0.001555556 -4.000407415 -1.51186E-05 -0.478919195  1.49973E-05
    -4     0     0  0.001555556 -4.000160076 -1.49999E-05 -0.001386113 -1.38479E-06
    -4   0.5     0  0.001555556 -4.000154576 -1.51849E-05  0.476097893 -1.77891E-05
    -4     1     0  0.001555556 -4.000392763  -1.5689E-05  0.953704748 -3.40488E-05
    -4   1.5     0  0.001555556 -4.000861629 -1.65314E-05  1.431643647 -4.99622E-05
    -4     2     0  0.001555556 -4.001517971 -1.77291E-05  1.910210114 -6.52519E-05
    -4   2.5     0  0.001555556 -4.002253163 -1.92838E-05  2.389852643 -7.95087E-05
    -4     3     0  0.001555556 -4.002822512 -2.11564E-05   2.87127401 -9.21067E-05
    -4   3.5     0  0.001555556  -4.00270609 -2.32224E-05  3.355601666 -0.000102059
    -4     4     0  0.001555556 -4.000831721 -2.52022E-05   3.84470969 -0.000107746
    -4   4.5     0  0.001555556 -3.995014712 -2.65825E-05  4.341921372 -0.000106307
    -4     5     0  0.001555556 -3.980845512 -2.67166E-05   4.85383907 -9.20331E-05
    -3    -5     0  0.001555556  -3.06786398 -9.25155E-05 -4.818468775   0.00012488
    -3  -4.5     0  0.001555556 -3.051606706 -6.98169E-05 -4.320836076  0.000126026
    -3    -4     0  0.001555556 -3.037826242 -5.37587E-05 -3.830452215  0.000120933
    -3  -3.5     0  0.001555556 -3.026744989 -4.20547E-05 -3.345515598  0.000111189
    -3    -3     0  0.001555556 -3.018134972 -3.34519E-05 -2.864180418  9.83396E-05
    -3  -2.5     0  0.001555556 -3.011621241 -2.71536E-05 -2.385078637  8.35205E-05
    -3    -2     0  0.001555556 -3.006816897 -2.26067E-05 -1.907300075  6.74935E-05
    -3  -1.5     0  0.001555556 -3.003384763 -1.94167E-05 -1.430273417  5.07463E-05
    -3    -1     0  0.001555556 -3.001060256 -1.73076E-05 -0.953655831  3.35823E-05
    -3  -0.5     0  0.001555556 -2.999656055 -1.60987E-05 -0.477249769  1.61877E-05
    -3     0     0  0.001555556 -2.999060339  -1.5691E-05 -0.000943189 -1.32028E-06
    -3   0.5     0  0.001555556 -2.999234835 -1.60605E-05  0.475334827 -1.88563E-05
    -3     1     0  0.001555556 -3.000215752 -1.72585E-05    0.9516508 -3.63362E-05
    -3   1.5     0  0.001555556 -3.002119132  -1.9419E-05  1.428103026 -5.36451E-05
    -3     2     0  0.001555556 -3.005151113 -2.27749E-05  1.904864345 -7.06004E-05
    -3   2.5     0  0.001555556 -3.009622126  -2.7684E-05  2.382239487 -8.69003E-05
    -3     3     0  0.001555556 -3.015960779   -3.467E-05  2.860745795 -0.000102051
    -3   3.5     0  0.001555556 -3.024715279 -4.44837E-05  3.341223435 -0.000115267
    -3     4     0  0.001555556 -3.036511983 -5.82044E-05  3.824962336 -0.000125348
    -3   4.5     0  0.001555556  -3.05189591 -7.74291E-05  4.313751643 -0.000130605
    -3     5     0  0.001555556 -3.070826277 -0.000104686  4.809436757 -0.000129172
    -2    -5     0  0.001555556 -2.101766404 -0.000122197 -4.724772977  0.000198594
    -2  -4.5     0  0.001555556 -2.073622802 -9.03778E-05 -4.252924322  0.000179932
    -2    -4     0  0.001555556 -2.050197052 -6.64838E-05 -3.782280522  0.000159679
    -2  -3.5     0  0.001555556 -2.032486083 -4.91712E-05  -3.31166292  0.000138824
    -2    -3     0  0.001555556 -2.019642388 -3.68438E-05 -2.840514863  0.000117949
    -2  -2.5     0  0.001555556 -2.010530657 -2.81597E-05 -2.368633044   9.7336E-05
    -2    -2     0  0.001555556 -2.004174332 -2.21147E-05  -1.89600509  7.70837E-05
    -2  -1.5     0  0.001555556 -1.999838224  -1.7999E-05 -1.422718318  5.71869E-05
    -2    -1     0  0.001555556 -1.997006718 -1.53321E-05   -0.9489102  3.75825E-05
    -2  -0.5     0  0.001555556 -1.995343104 -1.38093E-05 -0.474742283   1.8177E-05
    -2     0     0  0.001555556 -1.994655766 -1.32647E-05    -0.000387 -1.13946E-06
    -2   0.5     0  0.001555556 -1.994877815 -1.36512E-05  0.473978664 -2.04842E-05
    -2     1     0  0.001555556 -1.996061352 -1.50361E-05   0.94817633 -3.99771E-05
    -2   1.5     0  0.001555556 -1.998387005 -1.76134E-05  1.422028755 -5.97352E-05
    -2     2     0  0.001555556 -2.002189891 -2.17334E-05  1.895364124 -7.98655E-05
    -2   2.5     0  0.001555556 -2.008002915 -2.79541E-05  2.368025214 -0.000100451
    -2     3     0  0.001555556 -2.016613464 -3.71177E-05  2.839888396 -0.000121524
    -2   3.5     0  0.001555556 -2.029109747 -5.04456E-05  3.310901283 -0.000143016
    -2     4     0  0.001555556 -2.046828842 -6.96174E-05  3.781154689 -0.000164672
    -2   4.5     0  0.001555556 -2.070925005 -9.66979E-05  4.251015495 -0.000185912
    -2     5     0  0.001555556 -2.100726612 -0.000133515  4.721358525 -0.000205691
    -1    -5     0  0.001555556 -1.067626013 -9.75858E-05 -4.613708795  0.000287521
    -1  -4.5     0  0.001555556 -1.040482834   -6.716E-05 -4.177719096  0.000241545
    -1    -4     0  0.001555556 -1.022310144 -4.69952E-05  -3.73169957  0.000202019
    -1  -3.5     0  0.001555556 -1.009990333 -3.33976E-05 -3.277658604  0.000167892
    -1    -3     0  0.001555556 -1.001606718 -2.41357E-05 -2.817635469  0.000137917
    -1  -2.5     0  0.001555556 -0.995908628 -1.77984E-05 -2.353255133  0.000111031
    -1    -2     0  0.001555556 -0.992058381 -1.34713E-05 -1.885740945  8.63934E-05
    -1  -1.5     0  0.001555556 -0.989493715 -1.05567E-05 -1.416009983  6.33538E-05
    -1    -1     0  0.001555556 -0.987843393 -8.66847E-06 -0.944764475  4.14016E-05
    -1  -0.5     0  0.001555556 -0.986873151  -7.5678E-06 -0.472564199  2.01207E-05
    -1     0     0  0.001555556  -0.98645216 -7.12563E-06  0.000117895  -8.4802E-07
    -1   0.5     0  0.001555556 -0.986534934 -7.30318E-06  0.472851198 -2.18375E-05
    -1     1     0  0.001555556 -0.987156263 -8.14755E-06  0.945208383 -4.31837E-05
    -1   1.5     0  0.001555556  -0.98843872 -9.80156E-06  1.416726288 -6.52554E-05
    -1     2     0  0.001555556 -0.990614286 -1.25303E-05  1.886861242 -8.84876E-05
    -1   2.5     0  0.001555556 -0.994063793 -1.67701E-05  2.354932715 -0.000113424
    -1     3     0  0.001555556 -0.999380203 -2.32107E-05  2.820049058 -0.000140767
    -1   3.5     0  0.001555556 -1.007464522 -3.29302E-05  3.281011924 -0.000171441
    -1     4     0  0.001555556 -1.019666657 -4.76153E-05  3.736211823 -0.000206638
    -1   4.5     0  0.001555556 -1.037989984 -6.99289E-05  4.183590152 -0.000247779
    -1     5     0  0.001555556 -1.065380589 -0.000104136  4.620981795  -0.00029614
     0    -5     0  0.001555556  0.070204673  7.86739E-06 -4.553575454  0.000339036
     0  -4.5     0  0.001555556  0.051419749  3.62634E-06 -4.144844436  0.000272317
     0    -4     0  0.001555556  0.040972166  2.01603E-06 -3.712285089  0.000221501
     0  -3.5     0  0.001555556  0.034705579  1.38063E-06 -3.265707011  0.000180669
     0    -3     0  0.001555556  0.030725083  1.13369E-06 -2.810122045   0.00014648
     0  -2.5     0  0.001555556  0.028098739  1.05558E-06 -2.348487319  0.000116838
     0    -2     0  0.001555556  0.026336078  1.06044E-06  -1.88270923  9.03428E-05
     0  -1.5     0  0.001555556  0.025164249  1.11382E-06 -1.414093134  6.60113E-05
     0    -1     0  0.001555556  0.024426094  1.20204E-06 -0.943579808   4.3121E-05
     0  -0.5     0  0.001555556  0.024031213  1.32034E-06 -0.471886211   2.1112E-05
     0     0     0  0.001555556  0.023931543  1.46805E-06  0.000401711 -4.81186E-07
     0   0.5     0  0.001555556  0.024109418  1.64645E-06  0.472760921 -2.20812E-05
     0     1     0  0.001555556  0.024572941  1.85769E-06  0.944674048  -4.4113E-05
     0   1.5     0  0.001555556  0.025356917  2.10409E-06  1.415572526 -6.70496E-05
     0     2     0  0.001555556  0.026529841  2.38771E-06  1.884769679 -9.14661E-05
     0   2.5     0  0.001555556  0.028210218    2.711E-06  2.351370234 -0.000118113
     0     3     0  0.001555556   0.03060099  3.08089E-06  2.814134195 -0.000148025
     0   3.5     0  0.001555556   0.03406381  3.52485E-06  3.271251689 -0.000182686
     0     4     0  0.001555556  0.039288216  4.14486E-06  3.719926032 -0.000224329
     0   4.5     0  0.001555556  0.047701962  5.29384E-06  4.155473349 -0.000276501
     0     5     0  0.001555556  0.062545187  8.16516E-06  4.568921876 -0.000345347
     1    -5     0  0.001555556  1.197757908  0.000108722 -4.637203047  0.000283473
     1  -4.5     0  0.001555556  1.137124315  7.27107E-05 -4.194266709  0.000239813
     1    -4     0  0.001555556  1.100188616  5.02768E-05 -3.743738021  0.000201256
     1  -3.5     0  0.001555556  1.076561392  3.57697E-05  -3.28658145  0.000167597
     1    -3     0  0.001555556  1.060968293  2.61685E-05 -2.824294663  0.000137887
     1  -2.5     0  0.001555556  1.050498017  1.97464E-05 -2.358195177  0.000111172
     1    -2     0  0.001555556   1.04343617  1.54616E-05 -1.889318968  8.66641E-05
     1  -1.5     0  0.001555556  1.038731601  1.26651E-05 -1.418461431  6.37366E-05
     1    -1     0  0.001555556  1.035730889  1.09508E-05 -0.946240567  4.18941E-05
     1  -0.5     0  0.001555556  1.034037033   1.0073E-05 -0.473153563  2.07312E-05
     1     0     0  0.001555556  1.033432285  9.90152E-06  0.000377286  -1.0118E-07
     1   0.5     0  0.001555556  1.033838603  1.03986E-05  0.473966725 -2.09256E-05
     1     1     0  0.001555556  1.035304163  1.16123E-05  0.947232761 -4.20654E-05
     1   1.5     0  0.001555556   1.03801236   1.3684E-05  1.419762627 -6.38725E-05
     1     2     0  0.001555556  1.042315738  1.68732E-05  1.891073986 -8.67584E-05
     1   2.5     0  0.001555556  1.048804529  2.16041E-05  2.360566469 -0.000111232
     1     3     0  0.001555556  1.058431982  2.85487E-05  2.827459202 -0.000137942
     1   3.5     0  0.001555556  1.072745613  3.87743E-05  3.290714297 -0.000167722
     1     4     0  0.001555556  1.094339127  5.40164E-05  3.748965757  -0.00020159
     1   4.5     0  0.001555556  1.127811904   7.7214E-05  4.200547101 -0.000240593
     1     5     0  0.001555556   1.18198971  0.000113604  4.643995028 -0.000285048
     2    -5     0  0.001555556  2.214976757  0.000127435 -4.756162243  0.000195095
     2  -4.5     0  0.001555556  2.158074758  9.31673E-05 -4.277199031  0.000178277
     2    -4     0  0.001555556  2.119128169   6.8344E-05 -3.801075769  0.000158965
     2  -3.5     0  0.001555556  2.092323123  5.07241E-05 -3.326200582  0.000138638
     2    -3     0  0.001555556   2.07379037   3.8344E-05 -2.851692195  0.000118095
     2  -2.5     0  0.001555556  2.060956046  2.97151E-05  -2.37710075  9.77201E-05
     2    -2     0  0.001555556  2.052109969  2.37768E-05 -1.902228896  7.76618E-05
     2  -1.5     0  0.001555556  2.046119481  1.97986E-05 -1.427024248   5.7943E-05
     2    -1     0  0.001555556  2.042244493  1.72934E-05 -0.951516246  3.85193E-05
     2  -0.5     0  0.001555556  2.040020541  1.59549E-05 -0.475779386  1.93117E-05
     2     0     0  0.001555556  2.039187816   1.5616E-05  8.82387E-05  2.24466E-07
     2   0.5     0  0.001555556  2.039652787  1.62271E-05  0.475977975  -1.8845E-05
     2     1     0  0.001555556  2.041475474  1.78493E-05  0.951779538 -3.79988E-05
     2   1.5     0  0.001555556  2.044880252  2.06635E-05  1.427388982 -5.73321E-05
     2     2     0  0.001555556  2.050292452  2.49962E-05   1.90271853  -7.6923E-05
     2   2.5     0  0.001555556  2.058407708  3.13649E-05  2.377711545  -9.6816E-05
     2     3     0  0.001555556  2.070306486  4.05456E-05  2.852367418  -0.00011699
     2   3.5     0  0.001555556  2.087631848  5.36621E-05  3.326783971 -0.000137301
     2     4     0  0.001555556  2.112849955  7.22668E-05   3.80123022 -0.000157373
     2   4.5     0  0.001555556   2.14959718  9.83122E-05  4.276271874 -0.000176417
     2     5     0  0.001555556   2.20307252  0.000133703  4.752988891 -0.000192971
     3    -5     0  0.001555556  3.167752359    9.352E-05 -4.849471535   0.00012272
     3  -4.5     0  0.001555556   3.12483111  7.04836E-05 -4.345989105  0.000125314
     3    -4     0  0.001555556  3.097474951  5.44361E-05 -3.850844613  0.000120856
     3  -3.5     0  0.001555556  3.078934184  4.28623E-05  -3.36191011  0.000111467
     3    -3     0  0.001555556  3.065935997  3.44191E-05 -2.877180159  9.88619E-05
     3  -2.5     0  0.001555556  3.056697291  2.82782E-05 -2.395164267  8.42419E-05
     3    -2     0  0.001555556  3.050142731  2.38788E-05 -1.914845121  6.83983E-05
     3  -1.5     0  0.001555556  3.045580522  2.08277E-05 -1.435556672  5.18361E-05
     3    -1     0  0.001555556  3.042555767  1.88514E-05  -0.95687251  3.48712E-05
     3  -0.5     0  0.001555556  3.040777427  1.77706E-05  -0.47852059  1.77008E-05
     3     0     0  0.001555556  3.040079679  1.74845E-05  -0.00032073  4.53365E-07
     3   0.5     0  0.001555556  3.040402721  1.79633E-05  0.477862706 -1.67735E-05
     3     1     0  0.001555556  3.041787449  1.92465E-05  0.956160355 -3.38817E-05
     3   1.5     0  0.001555556  3.044382903  2.14474E-05  1.434736472 -5.07406E-05
     3     2     0  0.001555556  3.048468547   2.4765E-05   1.91383334 -6.71493E-05
     3   2.5     0  0.001555556  3.054497569  2.95035E-05  2.393828768  -8.2786E-05
     3     3     0  0.001555556  3.063175479  3.61036E-05  2.875314207  -9.7136E-05
     3   3.5     0  0.001555556   3.07560733  4.51906E-05  3.359198161  -0.00010939
     3     4     0  0.001555556  3.093595273  5.76559E-05  3.846822784 -0.000118316
     3   4.5     0  0.001555556  3.120296463  7.48161E-05  4.340014925 -0.000122139
     3     5     0  0.001555556  3.161787957  9.87864E-05   4.84074795 -0.000118636
     4    -5     0  0.001555556  4.063302355   1.5113E-05 -4.890313559  9.11822E-05
     4  -4.5     0  0.001555556  4.055624762   1.9377E-05  -4.37289348  0.000104097
     4    -4     0  0.001555556  4.051166557  2.08353E-05 -3.870731516  0.000105073
     4  -3.5     0  0.001555556  4.047847287  2.08052E-05 -3.377211503  9.93688E-05
     4    -3     0  0.001555556  4.045076783  2.00594E-05 -2.889001359  8.96057E-05
     4  -2.5     0  0.001555556  4.042732085  1.90632E-05 -2.404180879  7.72827E-05
     4    -2     0  0.001555556   4.04080472  1.80824E-05 -1.921553379  6.33263E-05
     4  -1.5     0  0.001555556  4.039296479  1.72581E-05 -1.440339505  4.83351E-05
     4    -1     0  0.001555556  4.038199258  1.66587E-05 -0.960016517   3.2708E-05
     4  -0.5     0  0.001555556  4.037498943  1.63138E-05 -0.480221674  1.67215E-05
     4     0     0  0.001555556  4.037183229  1.62351E-05 -0.000687318  5.80587E-07
     4   0.5     0  0.001555556  4.037247808  1.64277E-05  0.478807738 -1.55425E-05
     4     1     0  0.001555556  4.037700006  1.68939E-05  0.958479523 -3.14747E-05
     4   1.5     0  0.001555556  4.038560121   1.7632E-05  1.438579789 -4.70093E-05
     4     2     0  0.001555556  4.039861136  1.86281E-05  1.919443291  -6.1866E-05
     4   2.5     0  0.001555556  4.041648063  1.98385E-05  2.401550709 -7.56387E-05
     4     3     0  0.001555556  4.043981018  2.11577E-05  2.885622721 -8.77152E-05
     4   3.5     0  0.001555556  4.046954795  2.23622E-05  3.372777686 -9.71444E-05
     4     4     0  0.001555556  4.050771388  2.30076E-05  3.864831859 -0.000102381
     4   4.5     0  0.001555556  4.055963763  2.22215E-05  4.364966246 -0.000100718
     4     5     0  0.001555556  4.064022762  1.81728E-05  4.879503543 -8.67543E-05
     5    -5     0  0.001555556  4.977867289 -4.76926E-05 -4.830583347  0.000135384
     5  -4.5     0  0.001555556  4.997094839 -2.37849E-05 -4.341360535  0.000127065
     5    -4     0  0.001555556  5.010111374  -9.2187E-06 -3.853632744  0.000117298
     5  -3.5     0  0.001555556  5.018729364 -2.09497E-07 -3.367998522  0.000105809
     5    -3     0  0.001555556  5.024349321  5.40686E-06 -2.884202094  9.28696E-05
     5  -2.5     0  0.001555556  5.027964779  8.91567E-06 -2.401845772  7.88219E-05
     5    -2     0  0.001555556   5.03025374  1.11007E-05 -1.920560613  6.39665E-05
     5  -1.5     0  0.001555556  5.031665644  1.24448E-05 -1.440042012  4.85469E-05
     5    -1     0  0.001555556  5.032489545  1.32436E-05 -0.960048319  3.27541E-05
     5  -0.5     0  0.001555556  5.032902732  1.36718E-05 -0.480388599  1.67392E-05
     5     0     0  0.001555556   5.03300281  1.38216E-05 -0.000907225  6.26232E-07
     5   0.5     0  0.001555556    5.0328264  1.37234E-05  0.478532252 -1.54738E-05
     5     1     0  0.001555556  5.032356875  1.33525E-05  0.958063352 -3.14497E-05
     5   1.5     0  0.001555556  5.031522145  1.26243E-05  1.437833045  -4.7176E-05
     5     2     0  0.001555556  5.030181939  1.13756E-05  1.918018406 -6.24991E-05
     5   2.5     0  0.001555556  5.028102172  9.32744E-06  2.398843332 -7.72227E-05
     5     3     0  0.001555556  5.024911183  6.01791E-06  2.880593649 -9.10932E-05
     5   3.5     0  0.001555556  5.020028088  6.78531E-07  3.363624034 -0.000103791
     5     4     0  0.001555556  5.012544106 -8.00048E-06  3.848332569 -0.000114943
     5   4.5     0  0.001555556  5.001020897 -2.23469E-05  4.335009055 -0.000124219
     5     5     0  0.001555556  4.983178217 -4.67074E-05  4.823168519 -0.000131803
     6    -5     0  0.001555556  5.974291931 -4.95048E-05  -4.75695584  0.000190347
     6  -4.5     0  0.001555556  5.984196568 -3.27842E-05 -4.292212406   0.00016357
     6    -4     0  0.001555556  5.995730552 -1.93235E-05 -3.820887786  0.000141523
     6  -3.5     0  0.001555556  6.005731069 -9.22779E-06  -3.34609608  0.000121955
     6    -3     0  0.001555556   6.01358578 -1.89051E-06 -2.869510773  0.000103668
     6  -2.5     0  0.001555556  6.019467876  3.34517E-06 -2.392009689  8.60379E-05
     6    -2     0  0.001555556  6.023729769  7.01655E-06 -1.914049649  6.87426E-05
     6  -1.5     0  0.001555556  6.026705915  9.52115E-06  -1.43586747  5.16178E-05
     6    -1     0  0.001555556  6.028658534  1.11356E-05  -0.95758611    3.458E-05
     6  -0.5     0  0.001555556  6.029770631   1.2039E-05  -0.47927085  1.75871E-05
     6     0     0  0.001555556  6.030152209  1.23323E-05 -0.000959397  6.16651E-07
     6   0.5     0  0.001555556  6.029847318  1.20491E-05  0.477321286 -1.63458E-05
     6     1     0  0.001555556  6.028838111  1.11604E-05   0.95554392 -3.33147E-05
     6   1.5     0  0.001555556  6.027044881   9.5717E-06    1.4336703 -5.03119E-05
     6     2     0  0.001555556  6.024322844  7.11219E-06  1.911635972 -6.73785E-05
     6   2.5     0  0.001555556  6.020458931  3.51638E-06  2.389323115  -8.4595E-05
     6     3     0  0.001555556  6.015177566 -1.60247E-06  2.866509586 -0.000102121
     6   3.5     0  0.001555556  6.008181044 -8.78286E-06  3.342771613  -0.00012027
     6     4     0  0.001555556  5.999296276 -1.87302E-05  3.817297416 -0.000139652
     6   4.5     0  0.001555556  5.988934138 -3.22426E-05  4.288536489 -0.000161445
     6     5     0  0.001555556  5.979462878 -4.97907E-05  4.753592061 -0.000187873
     7    -5     0  0.001555556  7.000071404 -2.92781E-05  -4.71746784  0.000220081
     7  -4.5     0  0.001555556  6.997453937 -2.20531E-05  -4.25840713  0.000188842
     7    -4     0  0.001555556  7.001678187  -1.4091E-05 -3.793817181  0.000161673
     7  -3.5     0  0.001555556   7.00780493 -6.89057E-06 -3.325200551  0.000137462
     7    -3     0  0.001555556  7.013839493 -9.06523E-07 -2.853761768  0.000115327
     7  -2.5     0  0.001555556  7.019046358  3.82796E-06 -2.380383807  9.46239E-05
     7    -2     0  0.001555556  7.023220027   7.4291E-06 -1.905690003  7.48984E-05
     7  -1.5     0  0.001555556  7.026364289  1.00458E-05 -1.430117461  5.58319E-05
     7    -1     0  0.001555556  7.028550728  1.18117E-05 -0.953978194  3.71967E-05
     7  -0.5     0  0.001555556  7.029856968  1.28272E-05 -0.477504681  1.88229E-05
     7     0     0  0.001555556  7.030340562  1.31539E-05 -0.000882852  5.74193E-07
     7   0.5     0  0.001555556  7.030029177  1.28137E-05  0.475723149 -1.76704E-05
     7     1     0  0.001555556  7.028918802  1.17892E-05  0.952150373 -3.60318E-05
     7   1.5     0  0.001555556  7.026977672  1.00241E-05  1.428216865 -5.46463E-05
     7     2     0  0.001555556  7.024157688  7.42521E-06  1.903698136 -7.36834E-05
     7   2.5     0  0.001555556  7.020420336   3.8672E-06  2.378296319   -9.337E-05
     7     3     0  0.001555556  7.015793146 -7.92382E-07    2.8515978 -0.000114023
     7   3.5     0  0.001555556  7.010491765 -6.67693E-06  3.323016259 -0.000136095
     7     4     0  0.001555556  7.005184627 -1.38076E-05  3.791723822 -0.000160226
     7   4.5     0  0.001555556  7.001573193 -2.19213E-05  4.256592235 -0.000187295
     7     5     0  0.001555556  7.003702848 -3.00734E-05   4.71621288 -0.000218414
     8    -5     0  0.001555556  8.026187872 -8.71452E-06 -4.699543112  0.000233559
     8  -4.5     0  0.001555556  8.016775227  -6.6638E-06 -4.239945788  0.000202624
     8    -4     0  0.001555556  8.015651278 -2.74813E-06 -3.776675731  0.000174412
     8  -3.5     0  0.001555556  8.017928969  1.55188E-06 -3.310284022  0.000148512
     8    -3     0  0.001555556  8.021364953  5.58065E-06 -2.841366542  0.000124483
     8  -2.5     0  0.001555556  8.024906839  9.06035E-06 -2.370477367  0.000101917
     8    -2     0  0.001555556  8.028065403  1.18916E-05 -1.898095232  8.04616E-05
     8  -1.5     0  0.001555556  8.030624331  1.40574E-05 -1.424620485   5.9823E-05
     8    -1     0  0.001555556   8.03249881   1.5574E-05 -0.950386354  3.97547E-05
     8  -0.5     0  0.001555556  8.033664278  1.64658E-05 -0.475675337  2.00472E-05
     8     0     0  0.001555556  8.034120469  1.67522E-05 -0.000736338  5.15157E-07
     8   0.5     0  0.001555556  8.033874685  1.64416E-05  0.474198898 -1.90153E-05
     8     1     0  0.001555556  8.032937273    1.553E-05    0.9489001  -3.8718E-05
     8   1.5     0  0.001555556   8.03132708  1.40033E-05  1.423122959 -5.87784E-05
     8     2     0  0.001555556   8.02908853  1.18438E-05  1.896593211 -7.94061E-05
     8   2.5     0  0.001555556  8.026326333  9.04252E-06  2.368990255 -0.000100847
     8     3     0  0.001555556  8.023270639  5.62181E-06  2.839931592 -0.000123396
     8   3.5     0  0.001555556   8.02039943  1.67285E-06   3.30896201 -0.000147405
     8     4     0  0.001555556  8.018675927 -2.58032E-06  3.775556089 -0.000173283
     8   4.5     0  0.001555556  8.020036221  -6.6684E-06  4.239149043 -0.000201469
     8     5     0  0.001555556  8.028485649 -9.65001E-06  4.699216937  -0.00023238
     9    -5     0  0.001555556  9.048007457  8.60844E-06 -4.691185004  0.000239752
     9  -4.5     0  0.001555556  9.035482562  8.28872E-06 -4.230180827  0.000209837
     9    -4     0  0.001555556  9.031420764  9.97818E-06 -3.766611088  0.000181827
     9  -3.5     0  0.001555556  9.031190638  1.23852E-05 -3.300713911  0.000155544
     9    -3     0  0.001555556  9.032630271  1.49101E-05  -2.83279485  0.000130762
     9  -2.5     0  0.001555556  9.034665766   1.7255E-05 -2.363184534  0.000107237
     9    -2     0  0.001555556   9.03673925  1.92675E-05 -1.892210856  8.47249E-05
     9  -1.5     0  0.001555556  9.038554169  2.08698E-05 -1.420184297  6.29975E-05
     9    -1     0  0.001555556  9.039953389  2.20245E-05 -0.947393008  4.18402E-05
     9  -0.5     0  0.001555556  9.040857022  2.27151E-05 -0.474104236   2.1054E-05
     9     0     0  0.001555556  9.041229937  2.29363E-05 -0.000569427  4.50519E-07
     9   0.5     0  0.001555556  9.041065991  2.26881E-05  0.472968803 -2.01528E-05
     9     1     0  0.001555556  9.040383453  2.19749E-05  0.946268965 -4.09387E-05
     9   1.5     0  0.001555556  9.039230092  2.08077E-05  1.419082992 -6.20954E-05
     9     2     0  0.001555556  9.037699122   1.9209E-05  1.891149328 -8.38224E-05
     9   2.5     0  0.001555556  9.035960394  1.72239E-05  2.362187827 -0.000106334
     9     3     0  0.001555556  9.034317032  1.49352E-05  2.831898108  -0.00012986
     9   3.5     0  0.001555556  9.033309799  1.24876E-05  3.299963871 -0.000154643
     9     4     0  0.001555556  9.033921604  1.01261E-05  3.766066349 -0.000180929
     9   4.5     0  0.001555556  9.038013638   8.2678E-06  4.229910011 -0.000208946
     9     5     0  0.001555556  9.049355849  7.67167E-06  4.691261892 -0.000238872
    10    -5     0  0.001555556   10.0663442  2.32809E-05 -4.686713905  0.000242981
    10  -4.5     0  0.001555556  10.05252266  2.19795E-05 -4.224613546  0.000213876
    10    -4     0  0.001555556  10.04704289  2.25992E-05 -3.760521236  0.000186249
    10  -3.5     0  0.001555556   10.0454418  2.39757E-05 -3.294596338  0.000159982
    10    -3     0  0.001555556  10.04566043  2.55851E-05 -2.827038055  0.000134927
    10  -2.5     0  0.001555556  10.04667474  2.71655E-05 -2.358070811  0.000110918
    10    -2     0  0.001555556  10.04794003  2.85737E-05 -1.887931576    8.778E-05
    10  -1.5     0  0.001555556  10.04915183  2.97259E-05 -1.416860584  6.53333E-05
    10    -1     0  0.001555556  10.05013606  3.05723E-05 -0.945095741  4.34013E-05
    10  -0.5     0  0.001555556  10.05079532  3.10841E-05 -0.472870258  2.18096E-05
    10     0     0  0.001555556   10.0510814  3.12472E-05 -0.000412704  3.86981E-07
    10   0.5     0  0.001555556  10.05098232  3.10586E-05  0.472051386 -2.10363E-05
    10     1     0  0.001555556  10.05051852   3.0526E-05  0.944297135 -4.26298E-05
    10   1.5     0  0.001555556  10.04974719  2.96689E-05  1.416097919 -6.45651E-05
    10     2     0  0.001555556  10.04877564  2.85225E-05  1.887223658 -8.70166E-05
    10   2.5     0  0.001555556  10.04778765  2.71441E-05  2.357440542 -0.000110162
    10     3     0  0.001555556  10.04709229  2.56227E-05  2.826513029 -0.000134179
    10   3.5     0  0.001555556  10.04721703  2.40943E-05   3.29420886 -0.000159245
    10     4     0  0.001555556  10.04909779   2.2769E-05  3.760307552 -0.000185527
    10   4.5     0  0.001555556   10.0544999  2.19896E-05  4.224612095 -0.000213172
    10     5     0  0.001555556   10.0670374  2.23907E-05    4.6869625 -0.000242301
    11    -5     0  0.001555556  11.08249168  3.62865E-05 -4.683563363  0.000245218
    11  -4.5     0  0.001555556  11.06827054  3.46891E-05 -4.220798656  0.000216605
    11    -4     0  0.001555556  11.06223544  3.48968E-05 -3.756339459  0.000189248
    11  -3.5     0  0.001555556  11.06001419  3.58144E-05  -3.29033453  0.000163037
    11    -3     0  0.001555556  11.05961764  3.69697E-05 -2.822949655  0.000137851
    11  -2.5     0  0.001555556  11.06007006  3.81366E-05 -2.354364919  0.000113554
    11    -2     0  0.001555556  11.06085634  3.91935E-05 -1.884770823  9.00057E-05
    11  -1.5     0  0.001555556  11.06168751  4.00684E-05 -1.414364388  6.70589E-05
    11    -1     0  0.001555556  11.06239563  4.07163E-05 -0.943346011  4.45643E-05
    11  -0.5     0  0.001555556   11.0628843  4.11099E-05 -0.471917336  2.23711E-05
    11     0     0  0.001555556  11.06310429  4.12348E-05 -0.000280105  3.28104E-07
    11   0.5     0  0.001555556  11.06304238  4.10881E-05  0.471364252 -2.17158E-05
    11     1     0  0.001555556   11.0627183  4.06775E-05  0.942814615  -4.3912E-05
    11   1.5     0  0.001555556  11.06218846  4.00228E-05  1.413870153 -6.64116E-05
    11     2     0  0.001555556  11.06155768  3.91579E-05  1.884330618 -8.93655E-05
    11   2.5     0  0.001555556  11.06100267  3.81353E-05  2.353997307 -0.000112923
    11     3     0  0.001555556  11.06081703  3.70326E-05  2.822674916 -0.000137232
    11   3.5     0  0.001555556  11.06149981   3.5964E-05  3.290174355 -0.000162434
    11     4     0  0.001555556  11.06394138  3.51047E-05  3.756316258 -0.000188663
    11   4.5     0  0.001555556  11.06984184  3.47466E-05  4.220934554 -0.000216042
    11     5     0  0.001555556  11.08273095  3.54569E-05  4.683879037 -0.000244682
    12    -5     0  0.001555556  12.09743244  4.83811E-05 -4.680473107  0.000247433
    12  -4.5     0  0.001555556   12.0832961  4.68551E-05 -4.217404874   0.00021904
    12    -4     0  0.001555556  12.07720843  4.70333E-05 -3.752804374  0.000191784
    12  -3.5     0  0.001555556  12.07484363  4.78547E-05 -3.286825482  0.000165551
    12    -3     0  0.001555556  12.07425356   4.8877E-05  -2.81962505  0.000140223
    12  -2.5     0  0.001555556  12.07449604  4.98986E-05 -2.351365116  0.000115681
    12    -2     0  0.001555556  12.07508149  5.08169E-05 -1.882213166  9.17993E-05
    12  -1.5     0  0.001555556  12.07573895  5.15732E-05  -1.41234137    6.845E-05
    12    -1     0  0.001555556  12.07631232  5.21318E-05 -0.941925433  4.55018E-05
    12  -0.5     0  0.001555556  12.07671224  5.24708E-05 -0.471143458  2.28217E-05
    12     0     0  0.001555556  12.07689295  5.25787E-05 -0.000174939  2.75409E-07
    12   0.5     0  0.001555556  12.07684201  5.24536E-05  0.470800051  -2.2272E-05
    12     1     0  0.001555556  12.07657753  5.21023E-05  0.941601551 -4.49554E-05
    12   1.5     0  0.001555556  12.07615176  5.15416E-05  1.412050377 -6.79091E-05
    12     2     0  0.001555556  12.07566204  5.08002E-05  1.881968873 -9.12664E-05
    12   2.5     0  0.001555556  12.07527322  4.99214E-05  2.351181776 -0.000115159
    12     3     0  0.001555556  12.07526134  4.89694E-05  2.819517238 -0.000139714
    12   3.5     0  0.001555556  12.07610109    4.804E-05  3.286807792 -0.000165058
    12     4     0  0.001555556  12.07865114  4.72838E-05  3.752890999  -0.00019131
    12   4.5     0  0.001555556  12.08457321  4.69635E-05  4.217609225 -0.000218588
    12     5     0  0.001555556  12.09735413  4.76135E-05  4.680807703 -0.000247006
    13    -5     0  0.001555556  13.11183551  6.00833E-05 -4.676723969  0.000250178
    13  -4.5     0  0.001555556  13.09808798  5.88558E-05 -4.213641495  0.000221788
    13    -4     0  0.001555556  13.09226996  5.92481E-05 -3.749123368  0.000194464
    13  -3.5     0  0.001555556  13.09007817  6.02133E-05 -3.283329134  0.000168087
    13    -3     0  0.001555556  13.08958718  6.13245E-05 -2.816413019  0.000142541
    13  -2.5     0  0.001555556   13.0898759  6.23954E-05 -2.348528586  0.000117714
    13    -2     0  0.001555556  13.09047298  6.33364E-05 -1.879830982  9.34879E-05
    13  -1.5     0  0.001555556  13.09112221  6.41001E-05  -1.41047779  6.97469E-05
    13    -1     0  0.001555556  13.09167868  6.46587E-05 -0.940629066   4.6371E-05
    13  -0.5     0  0.001555556  13.09206063  6.49964E-05 -0.470446967  2.32392E-05
    13     0     0  0.001555556  13.09222677  6.51052E-05 -9.51238E-05  2.29245E-07
    13   0.5     0  0.001555556  13.09216598   6.4984E-05  0.470262088 -2.27818E-05
    13     1     0  0.001555556  13.09189481  6.46388E-05  0.940460301  -4.5917E-05
    13   1.5     0  0.001555556  13.09146096  6.40829E-05  1.410335907 -6.92984E-05
    13     2     0  0.001555556  13.09095412  6.33392E-05  1.879726742 -9.30474E-05
    13   2.5     0  0.001555556  13.09052825  6.24427E-05  2.348472644 -0.000117283
    13     3     0  0.001555556  13.09044514  6.14469E-05  2.816415785 -0.000142124
    13   3.5     0  0.001555556  13.09116207  6.04342E-05  3.283400559 -0.000167685
    13     4     0  0.001555556  13.09351778  5.95405E-05  3.749272753  -0.00019408
    13   4.5     0  0.001555556  13.09915277  5.90135E-05  4.213877523 -0.000221425
    13     5     0  0.001555556  13.11153329  5.93745E-05  4.677055319 -0.000249838
    14    -5     0  0.001555556  14.12615233  7.17461E-05 -4.671810433   0.00025384
    14  -4.5     0  0.001555556  14.11302618  7.09881E-05  -4.20896481  0.000225262
    14    -4     0  0.001555556  14.10771634  7.17729E-05 -3.744749194  0.000197702
    14  -3.5     0  0.001555556  14.10592928  7.30561E-05  -3.27932493  0.000171039
    14    -3     0  0.001555556   14.1057519  7.44181E-05 -2.812843136  0.000145162
    14  -2.5     0  0.001555556   14.1062764  7.56812E-05 -2.345451138  0.000119958
    14    -2     0  0.001555556  14.10704439  7.67652E-05 -1.877295878  9.53205E-05
    14  -1.5     0  0.001555556  14.10781133  7.76309E-05 -1.408525603  7.11375E-05
    14    -1     0  0.001555556  14.10844186  7.82578E-05 -0.939290555  4.72972E-05
    14  -0.5     0  0.001555556  14.10886141  7.86351E-05  -0.46974294  2.36861E-05
    14     0     0  0.001555556  14.10903303  7.87583E-05 -3.65092E-05  1.89373E-07
    14   0.5     0  0.001555556   14.1089471  7.86274E-05  0.469674146 -2.33084E-05
    14     1     0  0.001555556  14.10861874  7.82471E-05  0.939234402 -4.69227E-05
    14   1.5     0  0.001555556  14.10809139  7.76278E-05  1.408490412 -7.07683E-05
    14     2     0  0.001555556   14.1074478  7.67867E-05  1.877289779 -9.49589E-05
    14   2.5     0  0.001555556  14.10683262  7.57522E-05  2.345481977 -0.000119607
    14     3     0  0.001555556   14.1064964   7.4569E-05  2.812918331 -0.000144822
    14   3.5     0  0.001555556    14.106884  7.33106E-05  3.279451358 -0.000170714
    14     4     0  0.001555556  14.10882159  7.21043E-05  3.744933168 -0.000197394
    14   4.5     0  0.001555556  14.11393821  7.11912E-05  4.209212392 -0.000224972
    14     5     0  0.001555556  14.12569164  7.10918E-05  4.672128609  -0.00025357
    15    -5     0  0.001555556  15.14069669  8.36187E-05  -4.66528676  0.000258759
    15  -4.5     0  0.001555556  15.12840871   8.3487E-05 -4.202927464  0.000229801
    15    -4     0  0.001555556  15.12381425  8.48175E-05 -3.739250458  0.000201826
    15  -3.5     0  0.001555556  15.12262281  8.65612E-05 -3.274412896  0.000174712
    15    -3     0  0.001555556  15.12292878   8.8301E-05 -2.808559022  0.000148353
    15  -2.5     0  0.001555556  15.12383454  8.98652E-05 -2.341828551  0.000122645
    15    -2     0  0.001555556  15.12489298  9.11815E-05 -1.874361019  9.74827E-05
    15  -1.5     0  0.001555556  15.12587061  9.22183E-05 -1.406298003  7.27615E-05
    15    -1     0  0.001555556  15.12664177  9.29624E-05 -0.937783987  4.83734E-05
    15  -0.5     0  0.001555556  15.12713947  9.34086E-05 -0.468966329  2.42086E-05
    15     0     0  0.001555556  15.12733151  9.35558E-05  5.37148E-06  1.55307E-07
    15   0.5     0  0.001555556  15.12721001  9.34053E-05  0.468980284 -2.38989E-05
    15     1     0  0.001555556  15.12678853  9.29605E-05  0.937807535 -4.80667E-05
    15   1.5     0  0.001555556  15.12610593  9.22283E-05  1.406337393 -7.24598E-05
    15     2     0  0.001555556  15.12523761  9.12205E-05  1.874422273  -9.7188E-05
    15   2.5     0  0.001555556  15.12431876  8.99581E-05  2.341917365 -0.000122359
    15     3     0  0.001555556  15.12358921  8.84781E-05  2.808680667 -0.000148079
    15   3.5     0  0.001555556  15.12348291  8.68465E-05  3.274572162 -0.000174451
    15     4     0  0.001555556  15.12481627  8.51845E-05   3.73945176  -0.00020158
    15   4.5     0  0.001555556  15.12921139  8.37316E-05  4.203175364 -0.000229573
    15     5     0  0.001555556  15.14012413  8.30148E-05  4.665587698 -0.000258547
    16    -5     0  0.001555556  16.15570342  9.58922E-05 -4.656682193  0.000265291
    16  -4.5     0  0.001555556  16.14448719  9.65541E-05 -4.195096764  0.000235734
    16    -4     0  0.001555556  16.14081204  9.85794E-05 -3.732240703  0.000207126
    16  -3.5     0  0.001555556   16.1403882   0.00010091 -3.268257915  0.000179357
    16    -3     0  0.001555556  16.14131779  0.000103131 -2.803279017  0.000152328
    16  -2.5     0  0.001555556  16.14271538  0.000105078 -2.337432171  0.000125944
    16    -2     0  0.001555556  16.14414824  0.000106688 -1.870848531  0.000100107
    16  -1.5     0  0.001555556  16.14539742  0.000107941 -1.403664709  7.47147E-05
    16    -1     0  0.001555556  16.14635045  0.000108832 -0.936023423  4.96616E-05
    16  -0.5     0  0.001555556  16.14695056  0.000109363 -0.468072899  2.48368E-05
    16     0     0  0.001555556  16.14717221   0.00010954  3.45314E-05  1.26498E-07
    16   0.5     0  0.001555556  16.14700979  0.000109364  0.468144344 -2.45847E-05
    16     1     0  0.001555556  16.14647479  0.000108838  0.936101974 -4.94123E-05
    16   1.5     0  0.001555556  16.14559959  0.000107963  1.403754962 -7.44699E-05
    16     2     0  0.001555556  16.14444952  0.000106744  1.870954866 -9.98682E-05
    16   2.5     0  0.001555556  16.14314687  0.000105191   2.33755867 -0.000125714
    16     3     0  0.001555556  16.14191712  0.000103333  2.803429383 -0.000152108
    16   3.5     0  0.001555556  16.14118007  0.000101224  3.268435479 -0.000179149
    16     4     0  0.001555556  16.14174017  9.89785E-05  3.732448602 -0.000206933
    16   4.5     0  0.001555556  16.14521232  9.68362E-05  4.195338698 -0.000235556
    16     5     0  0.001555556  16.15505264  9.53354E-05  4.656964717 -0.000265126
    17    -5     0  0.001555556  17.17137995  0.000108741 -4.645441966  0.000273855
    17  -4.5     0  0.001555556  17.16150797   0.00011039 -4.185008579  0.000243408
    17    -4     0  0.001555556  17.15896506  0.000113263 -3.723346776  0.000213882
    17  -3.5     0  0.001555556  17.15946515  0.000116294 -3.260572286  0.000185187
    17    -3     0  0.001555556  17.16112514  0.000119073 -2.796790846  0.000157241
    17  -2.5     0  0.001555556  17.16308132   0.00012145 -2.332112527  0.000129964
    17    -2     0  0.001555556  17.16492565  0.000123378 -1.866658321  0.000103264
    17  -1.5     0  0.001555556  17.16646379  0.000124857 -1.400562413  7.70411E-05
    17    -1     0  0.001555556  17.16760488  0.000125896 -0.933971835  5.11863E-05
    17  -0.5     0  0.001555556  17.16830906  0.000126513 -0.467044418  2.55814E-05
    17     0     0  0.001555556  17.16856141  0.000126718  5.42926E-05  1.02429E-07
    17   0.5     0  0.001555556  17.16836006  0.000126517  0.467154738 -2.53773E-05
    17     1     0  0.001555556  17.16771293   0.00012591  0.934087323 -5.09848E-05
    17   1.5     0  0.001555556  17.16664194   0.00012489  1.400686386 -7.68438E-05
    17     2     0  0.001555556  17.16519571  0.000123448  1.866793909 -0.000103072
    17   2.5     0  0.001555556  17.16347502  0.000121581  2.332262599  -0.00012978
    17     3     0  0.001555556  17.16168092  0.000119296  2.796957951 -0.000157067
    17   3.5     0  0.001555556  17.16020864  0.000116632  3.260758689 -0.000185024
    17     4     0  0.001555556  17.15984115  0.000113691  3.723554706 -0.000213733
    17   4.5     0  0.001555556  17.16217893  0.000110706  4.185241236 -0.000243272
    17     5     0  0.001555556  17.17067566  0.000108229  4.645706492  -0.00027373
    18    -5     0  0.001555556  18.18797344  0.000122378 -4.630874558  0.000284972
    18  -4.5     0  0.001555556   18.1797729  0.000125241 -4.172145881   0.00025321
    18    -4     0  0.001555556  18.17857946  0.000129114  -3.71221466  0.000222356
    18  -3.5     0  0.001555556   18.1801236  0.000132926 -3.251142191  0.000192357
    18    -3     0  0.001555556  18.18255671  0.000136288 -2.788991084  0.000163165
    18  -2.5     0  0.001555556  18.18505937  0.000139079 -2.325844185  0.000134717
    18    -2     0  0.001555556  18.18727092  0.000141288 -1.861811706  0.000106931
    18  -1.5     0  0.001555556  18.18904167  0.000142945 -1.397031877  7.97041E-05
    18    -1     0  0.001555556  18.19031894  0.000144091 -0.931667864  5.29134E-05
    18  -0.5     0  0.001555556  18.19109169  0.000144763 -0.465902625  2.64221E-05
    18     0     0  0.001555556  18.19136292  0.000144986  6.72969E-05  8.26594E-08
    18   0.5     0  0.001555556  18.19113685  0.000144771  0.466038465 -2.62576E-05
    18     1     0  0.001555556  18.19041544  0.000144111  0.931807409 -5.27512E-05
    18   1.5     0  0.001555556  18.18920285  0.000142988  1.397177489 -7.95458E-05
    18     2     0  0.001555556  18.18751899  0.000141371  1.861965584 -0.000106778
    18   2.5     0  0.001555556  18.18542659  0.000139227  2.326008294 -0.000134571
    18     3     0  0.001555556  18.18308214  0.000136531  2.789167118 -0.000163028
    18   3.5     0  0.001555556  18.18083359  0.000133288  3.251331604 -0.000192231
    18     4     0  0.001555556  18.17941974  0.000129568  3.712418999 -0.000222242
    18   4.5     0  0.001555556  18.18040701  0.000125589   4.17236804 -0.000253109
    18     5     0  0.001555556  18.18723395  0.000121909  4.631122672 -0.000284878
    19    -5     0  0.001555556  19.20589142  0.000137151 -4.612097488  0.000299299
    19  -4.5     0  0.001555556  19.19974919  0.000141489 -4.155950839  0.000265548
    19    -4     0  0.001555556  19.20009117   0.00014648 -3.698572444  0.000232737
    19  -3.5     0  0.001555556  19.20270083  0.000151074 -3.239922781  0.000200885
    19    -3     0  0.001555556  19.20581035  0.000154931 -2.779994047  0.000169997
    19  -2.5     0  0.001555556  19.20869234  0.000157998 -2.318833258  0.000140035
    19    -2     0  0.001555556   19.2110766   0.00016033 -1.856546471  0.000110918
    19  -1.5     0  0.001555556  19.21289379  0.000162018 -1.393293406  8.25279E-05
    19    -1     0  0.001555556   19.2141563  0.000163151 -0.929277674  5.47105E-05
    19  -0.5     0  0.001555556  19.21490033  0.000163801 -0.464735495  2.72881E-05
    19     0     0  0.001555556  19.21515747  0.000164015  7.55972E-05  6.68471E-08
    19   0.5     0  0.001555556  19.21494145  0.000163812  0.464887584 -2.71551E-05
    19     1     0  0.001555556  19.21424482  0.000163177  0.929432423 -5.45796E-05
    19   1.5     0  0.001555556  19.21304327   0.00016207  1.393452495 -8.24007E-05
    19     2     0  0.001555556  19.21130955  0.000160426  1.856711436 -0.000110796
    19   2.5     0  0.001555556  19.20904145  0.000158161  2.319005432 -0.000139919
    19     3     0  0.001555556  19.20631513  0.000155192  2.780174493  -0.00016989
    19   3.5     0  0.001555556  19.20338821  0.000151456  3.240112338 -0.000200788
    19     4     0  0.001555556  19.20090751  0.000146959  3.698772098 -0.000232651
    19   4.5     0  0.001555556  19.20035916  0.000141867  4.156163299 -0.000265473
    19     5     0  0.001555556  19.20513037  0.000136725  4.612332293 -0.000299229
    20    -5     0  0.001555556  20.22595518  0.000153754 -4.587993994  0.000317656
    20  -4.5     0  0.001555556  20.22228381  0.000159821 -4.135916839  0.000280774
    20    -4     0  0.001555556  20.22420565  0.000165922 -3.682411255     0.000245
    20  -3.5     0  0.001555556  20.22765491  0.000171093  -3.22726051  0.000210481
    20    -3     0  0.001555556  20.23104941  0.000175124 -2.770356745   0.00017729
    20  -2.5     0  0.001555556  20.23384792  0.000178097 -2.311718907   0.00014541
    20    -2     0  0.001555556  20.23594578  0.000180189 -1.851480874  0.000114738
    20  -1.5     0  0.001555556  20.23740811  0.000181592 -1.389868327  8.51038E-05
    20    -1     0  0.001555556  20.23834839   0.00018247 -0.927174027  5.62853E-05
    20  -0.5     0  0.001555556  20.23887197  0.000182948 -0.463735915  2.80276E-05
    20     0     0  0.001555556  20.23905034  0.000183103   8.0791E-05  5.47427E-08
    20   0.5     0  0.001555556   20.2389103  0.000182962  0.463898169 -2.79187E-05
    20     1     0  0.001555556  20.23843137  0.000182502  0.927338275 -5.61784E-05
    20   1.5     0  0.001555556  20.23754947  0.000181653  1.390035833 -8.50001E-05
    20     2     0  0.001555556   20.2361683  0.000180296  1.851652787 -0.000114639
    20   2.5     0  0.001555556   20.2341846  0.000178274  2.311896192 -0.000145317
    20     3     0  0.001555556  20.23154012  0.000175401    2.7705401 -0.000177204
    20   3.5     0  0.001555556  20.22832703  0.000171493  3.227450362 -0.000210404
    20     4     0  0.001555556   20.2250061  0.000166422  3.682608146 -0.000244934
    20   4.5     0  0.001555556  20.22287831  0.000160226  4.136123348 -0.000280718
    20     5     0  0.001555556  20.22518202  0.000153371  4.588221523 -0.000317601
